100|"2025-0314-02"| 0016.000000| 0000.000000| 0000.000000|0.000000
100|"2025-0334-01"| 0005.000000| 0006.000000| 0001.000000|1.000000
100|"2025-0335-02"| 0009.000000| 0000.000000| 0000.000000|0.000000
100|"2025-0335-03"| 0007.000000| 0000.000000| 0000.000000|0.000000
100|"2025-0336-02"| 0003.000000| 0000.000000| 0000.000000|0.000000
100|"2025-0338-01"| 0004.000000| 0000.000000| 0000.000000|0.000000
100|"2025-0339-10"| 0004.000000| 0070.000000| 0002.000000|2.000000
100|"2025-0339-12"| 0042.000000| 0000.000000| 0032.000000|32.000000
100|"2025-0345-01"| 0031.000000| 0000.000000| 0000.000000|0.000000
100|"2025-0346-01"| 0018.000000| 0000.000000| 0000.000000|0.000000
100|"2025-0347-01"| 0009.000000| 0001.000000| 0000.000000|0.000000
100|"2025-0349-01"| 0001.000000| 0000.000000| 0000.000000|0.000000
100|"2025-0353-01"| 0001.000000| 0000.000000| 0000.000000|0.000000
100|"2025-0354-01"| 0003.000000| 0000.000000| 0000.000000|0.000000
100|"2025-0359-01"| 0007.000000| 0000.000000| 0000.000000|0.000000
100|"2025-0362-01"| 0054.000000| 0000.000000| 0018.000000|16.000000
100|"2025-0362-02"| 0009.000000| 0000.000000| 0000.000000|0.000000
100|"2025-0369-01"| 0012.000000| 0000.000000| 0000.000000|0.000000
100|"2025-0381-01"| 0007.000000| 0000.000000| 0000.000000|0.000000
100|"2025-0396-01"| 0126.000000| 0000.000000| 0000.000000|0.000000
100|"2025-0410-01"| 0488.000000| 0000.000000| 0060.000000|57.000000
100|"2025-0410-02"| 0262.000000| 0000.000000| 0000.000000|0.000000
100|"2025-6015-01"| 0041.000000| 0000.000000| 0000.000000|0.000000
100|"2025-6016-01"| 0006.000000| 0000.000000| 0000.000000|0.000000
100|"2025-6040-02"| 0002.000000| 0000.000000| 0000.000000|0.000000
100|"2025-6057-01"| 0006.000000| 0000.000000| 0000.000000|0.000000
100|"2025-6071-01"| 0008.000000| 0000.000000| 0000.000000|0.000000
100|"2025-6078-01"| 0011.000000| 0000.000000| 0000.000000|0.000000
100|"2025-6079-01"| 0015.000000| 0000.000000| 0000.000000|0.000000
100|"2025-6081-01"| 0004.000000| 0006.000000| 0005.000000|4.000000
100|"2025-6088-01"| 0036.000000| 0000.000000| 0000.000000|0.000000
100|"2025-6095-01"| 0055.000000| 0000.000000| 0000.000000|0.000000
100|"2025-6096-01"| 0011.000000| 0000.000000| 0000.000000|0.000000
100|"2030-0032-02"| 2112.000000| 3000.000000| 0000.000000|0.000000
100|"2050-0057-01"| 0040.000000| 0052.000000| 0000.000000|0.000000
100|"2051-0048-01"| 0003.000000| 0000.000000| 0000.000000|0.000000
100|"2051-0048-10"| 0002.000000| 0000.000000| 0000.000000|0.000000
100|"2100-0004-01"| 0063.000000| 0000.000000| 0001.000000|0.000000
100|"2100-0005-01"| 0024.000000| 0000.000000| 0003.000000|0.000000
100|"2100-0006-01"| 0016.000000| 0000.000000| 0000.000000|0.000000
100|"2101-0051-02"| 0100.000000| 0000.000000| 0000.000000|0.000000
100|"2103-0010"| 0005.000000| 0000.000000| 0000.000000|0.000000
100|"2103-0011"| 0039.000000| 0000.000000| 0000.000000|0.000000
100|"2103-0012"| 0012.000000| 0000.000000| 0000.000000|0.000000
100|"2103-0013"| 0003.000000| 0000.000000| 0000.000000|0.000000
100|"2103-0014"| 0057.000000| 0000.000000| 0000.000000|0.000000
100|"2103-0015"| 0100.000000| 0000.000000| 0000.000000|0.000000
100|"2103-0018"| 0014.000000| 0000.000000| 0000.000000|0.000000
100|"2103-0027"| 0001.000000| 0000.000000| 0000.000000|0.000000
100|"2103-0059-01"| 0014.000000| 0000.000000| 0000.000000|0.000000
100|"2103-0084-01"| 0010.000000| 0000.000000| 0000.000000|0.000000
100|"2103-0092-02"| 0014.000000| 0000.000000| 0000.000000|0.000000
100|"2103-0092-03"| 0443.000000| 0000.000000| 0000.000000|0.000000
100|"2107-0005-01"| 0296.000000| 0000.000000| 0000.000000|0.000000
100|"2107-0006-01"| 3113.000000| 0000.000000| 0060.000000|60.000000
100|"2109-0011"| 0051.000000| 0000.000000| 0000.000000|0.000000
100|"2109-0127-02"| 0070.000000| 0000.000000| 0000.000000|0.000000
100|"2109-0128-03"| 0013.000000| 0020.000000| 0000.000000|0.000000
100|"2109-0160-01"| 0202.000000| 0000.000000| 0000.000000|0.000000
101|"2109-0210-01"| 0100.000000| 0000.000000| 0000.000000|0.000000
100|"2109-0254-01"| 0013.000000| 0000.000000| 0000.000000|0.000000
100|"2109-0254-02"| 0019.000000| 0000.000000| 0000.000000|0.000000
100|"2109-0254-04"| 0119.000000| 0000.000000| 0000.000000|0.000000
101|"2109-0254-06"| 0007.000000| 0000.000000| 0000.000000|0.000000
101|"2109-0271-07"| 0063.000000| 0000.000000| 0000.000000|0.000000
100|"2109-0282-12"| 0070.000000| 0000.000000| 0000.000000|0.000000
100|"2109-0303-01"| 0001.000000| 0000.000000| 0000.000000|0.000000
100|"2109-0510-03"| 1081.000000| 0000.000000| 0000.000000|0.000000
100|"2109-0510-05"| 0215.000000| 0000.000000| 0000.000000|0.000000
100|"2109-0572-09"| 0034.000000| 0024.000000| 0000.000000|0.000000
100|"2109-0594-07"| 0047.000000| 0000.000000| 0000.000000|0.000000
100|"2109-0756-01"| 0010.000000| 0000.000000| 0000.000000|0.000000
100|"2111-0012"| 0048.000000| 0000.000000| 0000.000000|0.000000
100|"2111-0020"| 0002.000000| 0000.000000| 0000.000000|0.000000
100|"2113-0003"| 0485.000000| 0000.000000| 0010.000000|10.000000
100|"2113-0004"| 0094.000000| 0000.000000| 0000.000000|0.000000
100|"2113-0010-01"| 3963.000000| 0000.000000| 0010.000000|10.000000
100|"2113-0011-01"| 0013.000000| 0000.000000| 0000.000000|0.000000
100|"2113-0013-01"| 0013.000000| 0000.000000| 0000.000000|0.000000
101|"2113-0015-01"| 0078.000000| 0000.000000| 0018.000000|18.000000
100|"2113-0019-01"| 0002.000000| 0000.000000| 0000.000000|0.000000
100|"2113-0020-01"| 0007.000000| 0000.000000| 0000.000000|0.000000
100|"2125-0007-02"| 0004.000000| 0000.000000| 0000.000000|0.000000
100|"2125-0008-02"| 0010.000000| 0000.000000| 0000.000000|0.000000
100|"2130-0001-01"| 0095.000000| 0000.000000| 0000.000000|0.000000
100|"2130-0021-01"| 0086.000000| 0000.000000| 0000.000000|0.000000
100|"2130-0022-01"| 0001.000000| 0000.000000| 0000.000000|0.000000
100|"2130-0022-03"| 0002.000000| 0000.000000| 0000.000000|0.000000
100|"2141-0002"| 0059.000000| 0000.000000| 0000.000000|0.000000
100|"2141-0027-01"| 0025.000000| 0000.000000| 0000.000000|0.000000
100|"2141-0028-01"| 1023.000000| 0000.000000| 0000.000000|0.000000
100|"2141-0029-01"| 1000.000000| 0000.000000| 0000.000000|0.000000
100|"2200-0014"| 0001.000000| 0000.000000| 0000.000000|0.000000
100|"2201-0059-01"| 0002.000000| 0000.000000| 0000.000000|0.000000
100|"2308-0007-01"| 0019.000000| 0000.000000| 0000.000000|0.000000
100|"2308-0012-01"| 0004.000000| 0000.000000| 0000.000000|0.000000
100|"2308-0025-01"| 0015.000000| 0000.000000| 0000.000000|0.000000
100|"2402-0309-01"| 0303.000000| 0000.000000| 0000.000000|0.000000
100|"2402-0544-02"| 0698.000000| 0000.000000| 0000.000000|0.000000
100|"2402-1301-01"| 0415.000000| 0000.000000| 0000.000000|0.000000
100|"2402-1427-01"| 0013.000000| 0000.000000| 0000.000000|0.000000
100|"2402-1430-01"| 0015.000000| 0000.000000| 0000.000000|0.000000
100|"2402-1593-01"| 0010.000000| 0000.000000| 0000.000000|0.000000
100|"2402-1846-01"| 0033.000000| 0000.000000| 0000.000000|0.000000
100|"2402-1965-01"| 0220.000000| 0000.000000| 0000.000000|0.000000
100|"2402-2000-01"| 0019.000000| 0000.000000| 0000.000000|0.000000
100|"2402-2074-01"| 0030.000000| 0000.000000| 0000.000000|0.000000
100|"2412-0263-01"| 0059.000000| 0000.000000| 0000.000000|0.000000
100|"2510-0040-01"| 0043.000000| 0005.000000| 0035.000000|35.000000
100|"2700-0023-01"| 0012.000000| 0000.000000| 0000.000000|0.000000
100|"2700-0043-01"| 0001.000000| 0000.000000| 0000.000000|0.000000
100|"2804-7106-07"| 0002.000000| 0000.000000| 0000.000000|0.000000
100|"2816-7629-29"| 0610.000000| 0000.000000| 0000.000000|0.000000
100|"2841-0074-02"| 0002.000000| 0000.000000| 0000.000000|0.000000
100|"2875-0070-01"| 0030.000000| 0000.000000| 0000.000000|0.000000
100|"2880-0010-02"| 1017.000000| 0000.000000| 0000.000000|0.000000
100|"2880-0011"| 1119.000000| 0000.000000| 0000.000000|0.000000
100|"2880-0045"| 3048.000000| 0000.000000| 0000.000000|0.000000
100|"2880-0048"| 0770.000000| 0000.000000| 0000.000000|0.000000
100|"2880-0050"| 1113.000000| 0000.000000| 0000.000000|0.000000
100|"2880-0052"| 1020.000000| 0000.000000| 0000.000000|0.000000
100|"2880-0085-01"| 0552.000000| 0000.000000| 0000.000000|0.000000
100|"2880-8909-01"| 0718.000000| 0000.000000| 0000.000000|0.000000
100|"2880-8919-01"| 0292.000000| 0000.000000| 0000.000000|0.000000
100|"3130-0077-01"| 0115.000000| 0000.000000| 0000.000000|0.000000
100|"3130-0080-01"| 0001.000000| 0000.000000| 0000.000000|0.000000
100|"3130-0164-20"| 0055.000000| 0000.000000| 0050.000000|0.000000
100|"3130-0317"| 0004.000000| 0000.000000| 0000.000000|0.000000
100|"3130-0349-01"| 0001.000000| 0000.000000| 0000.000000|0.000000
100|"3130-0381-01"| 0002.000000| 0000.000000| 0000.000000|0.000000
100|"3130-0393"| 0060.000000| 0000.000000| 0000.000000|0.000000
100|"3130-0404-01"| 0045.000000| 0000.000000| 0000.000000|0.000000
100|"3130-0557-01"| 0004.000000| 0000.000000| 0000.000000|0.000000
100|"3130-0943-01"| 0026.000000| 0000.000000| 0002.000000|2.000000
100|"3130-0944-07"| 0002.000000| 0000.000000| 0001.000000|1.000000
100|"3130-0977-01"| 0001.000000| 0000.000000| 0000.000000|0.000000
100|"3130-0986-01"| 0021.000000| 0000.000000| 0000.000000|0.000000
100|"3130-5006-01"| 0027.000000| 0000.000000| 0000.000000|0.000000
100|"3130-5007-01"| 0204.000000| 0000.000000| 0000.000000|0.000000
100|"3130-5020-01"| 0010.000000| 0000.000000| 0000.000000|0.000000
100|"3130-7805"| 0045.000000| 0000.000000| 0000.000000|0.000000
100|"3135-0049-01"| 0020.000000| 0000.000000| 0000.000000|0.000000
100|"3135-0111-01"| 0002.000000| 0000.000000| 0000.000000|0.000000
100|"3135-0235-01"| 0096.000000| 0000.000000| 0000.000000|0.000000
100|"3135-0703-01"| 0001.000000| 0000.000000| 0000.000000|0.000000
100|"3411-0008-03"| 0283.000000| 0000.000000| 0000.000000|0.000000
100|"3411-0009-03"| 0167.000000| 0000.000000| 0000.000000|0.000000
100|"3501-0008-01"| 0333.000000| 0000.000000| 0002.000000|2.000000
100|"3501-0009-01"| 0444.000000| 0000.000000| 0000.000000|0.000000
100|"3501-0010-01"| 0459.000000| 0000.000000| 0000.000000|0.000000
100|"3501-0017-01"| 0120.000000| 0150.000000| 0048.000000|35.000000
100|"3501-0018-01"| 0161.000000| 0120.000000| 0047.000000|41.000000
100|"3501-0024-01"| 0001.000000| 0000.000000| 0000.000000|0.000000
100|"3502-0009-01"| 0052.000000| 0000.000000| 0000.000000|0.000000
100|"3502-0034-01"| 0120.000000| 0000.000000| 0000.000000|0.000000
100|"3901-0018-01"| 0063.000000| 0100.000000| 0000.000000|0.000000
100|"4050-0001-02"| 0020.000000| 0004.000000| 0000.000000|0.000000
100|"4050-0001-03"| 0005.000000| 0000.000000| 0000.000000|0.000000
100|"4500-0007-01"| 0002.000000| 0000.000000| 0000.000000|0.000000
100|"4500-0025-01"| 0045.000000| 0000.000000| 0000.000000|0.000000
100|"4815-0021-01"| 0071.000000| 0075.000000| 0053.000000|53.000000
100|"4815-0022-01"| 0190.000000| 0050.000000| 0044.000000|45.000000
100|"4815-0023-01"| 0217.000000| 0000.000000| 0039.000000|40.000000
100|"4830-0048-01"| 0010.000000| 0000.000000| 0000.000000|0.000000
100|"4840-0127-01"| 0040.000000| 0000.000000| 0000.000000|0.000000
100|"4845-0024-01"| 0015.000000| 0000.000000| 0000.000000|0.000000
100|"4860-0017-01"| 0140.000000| 0000.000000| 0000.000000|0.000000
100|"4865-0007-01"| 0150.000000| 0000.000000| 0000.000000|0.000000
100|"500-772"| 0038.000000| 0000.000000| 0000.000000|0.000000
100|"5101-0046-01"| 0004.000000| 0000.000000| 0002.000000|2.000000
100|"5101-0084-01"| 0007.000000| 0000.000000| 0000.000000|0.000000
100|"5102-0002-01"| 0009.000000| 0000.000000| 0000.000000|0.000000
100|"5102-0003-01"| 0014.000000| 0000.000000| 0000.000000|0.000000
100|"5103-0014-01"| 0003.000000| 0000.000000| 0000.000000|0.000000
100|"5105-0006-01"| 0001.000000| 0000.000000| 0000.000000|0.000000
100|"5111-0004"| 0052.000000| 0000.000000| 0000.000000|0.000000
100|"5111-0013"| 0155.000000| 0000.000000| 0000.000000|0.000000
100|"5111-0014"| 0120.000000| 0000.000000| 0000.000000|0.000000
100|"5111-0014-20"| 0043.000000| 0000.000000| 0000.000000|0.000000
100|"5111-0015-01"| 0107.000000| 0000.000000| 0000.000000|0.000000
100|"5111-0015-02"| 0034.000000| 0000.000000| 0000.000000|0.000000
100|"5111-0017-19"| 0117.000000| 0000.000000| 0000.000000|0.000000
100|"5111-0017-21"| 0132.000000| 0010.000000| 0000.000000|0.000000
100|"5111-0017-24"| 0089.000000| 0030.000000| 0000.000000|0.000000
100|"5111-0028-11"| 0003.000000| 0060.000000| 0000.000000|0.000000
100|"5112-0003"| 0049.000000| 0000.000000| 0000.000000|0.000000
100|"5112-0006"| 0033.000000| 0000.000000| 0000.000000|0.000000
100|"5112-0007-13"| 0069.000000| 0000.000000| 0000.000000|0.000000
100|"5112-0012-11"| 0103.000000| 0000.000000| 0000.000000|0.000000
100|"5112-0012-19"| 0032.000000| 0000.000000| 0000.000000|0.000000
100|"5604-0003-03"| 0078.000000| 0000.000000| 0000.000000|0.000000
100|"5604-0006-01"| 5784.000000| 0000.000000| 0275.000000|275.000000
100|"5604-0027-01"| 0127.000000| 0102.000000| 0000.000000|0.000000
100|"5604-0044-01"| 0540.000000| 1680.000000| 0205.000000|178.000000
100|"5604-0054-01"| 0104.000000| 0000.000000| 0000.000000|0.000000
100|"5604-0087-01"| 0022.000000| 0000.000000| 0000.000000|0.000000
100|"5604-0093-01"| 0007.000000| 0000.000000| 0000.000000|0.000000
100|"5604-0124-02"| 0086.000000| 0000.000000| 0002.000000|2.000000
100|"5605-0011-01"| 0028.000000| 0000.000000| 0004.000000|4.000000
100|"5606-0015-02"| 0002.000000| 0000.000000| 0001.000000|0.000000
100|"5606-0015-03"| 0017.000000| 0000.000000| 0017.000000|10.000000
100|"5606-0023-01"| 0014.000000| 0000.000000| 0000.000000|0.000000
100|"5606-0025-01"| 0009.000000| 0000.000000| 0000.000000|0.000000
100|"5606-0028-01"| 0036.000000| 0096.000000| 0004.000000|4.000000
100|"5606-0034-01"| 0003.000000| 0000.000000| 0000.000000|0.000000
100|"5606-0039-01"| 0062.000000| 0000.000000| 0000.000000|0.000000
101|"5606-0039-01"| 0843.000000| 0000.000000| 0085.000000|85.000000
100|"5606-0043-01"| 0001.000000| 0000.000000| 0000.000000|0.000000
100|"5606-0044-01"| 0051.000000| 0000.000000| 0000.000000|0.000000
100|"5606-0044-03"| 0006.000000| 0009.000000| 0001.000000|1.000000
100|"5606-0047-01"| 0002.000000| 0000.000000| 0000.000000|0.000000
100|"574-001K"| 0085.000000| 0000.000000| 0075.000000|0.000000
100|"574-002K"| 0025.000000| 0000.000000| 0000.000000|0.000000
100|"574-003K"| 0025.000000| 0000.000000| 0000.000000|0.000000
100|"574-004K"| 0048.000000| 0000.000000| 0000.000000|0.000000
100|"574-005K"| 0016.000000| 0000.000000| 0000.000000|0.000000
100|"574-006K"| 0019.000000| 0000.000000| 0000.000000|0.000000
100|"574-009K"| 0038.000000| 0000.000000| 0000.000000|0.000000
100|"574-011K"| 0098.000000| 0000.000000| 0000.000000|0.000000
100|"5899-0008-01"| 0015.000000| 0000.000000| 0000.000000|0.000000
100|"6002-0024-01"|-2899.000000| 0000.000000| 0000.000000|0.000000
101|"6002-0024-01"| 2899.000000| 0000.000000| 0002.000000|2.000000
100|"6002-0114-01"| 3000.000000| 0000.000000| 0000.000000|0.000000
100|"6002-0171-01"| 0357.000000| 0000.000000| 0000.000000|0.000000
101|"6003-0007"| 0012.000000| 0000.000000| 0000.000000|0.000000
100|"6003-0010"| 0013.000000| 0000.000000|-0001.000000|0.000000
101|"6003-0010"| 0596.000000| 0000.000000| 0071.000000|69.000000
100|"6003-0013"| 0014.000000| 0000.000000| 0000.000000|0.000000
101|"6003-0013"| 2452.000000| 0000.000000| 0002.000000|2.000000
100|"6003-0017-04"| 0046.000000| 0000.000000| 0000.000000|0.000000
101|"6003-0028-01"| 0120.000000| 0000.000000| 0001.000000|1.000000
100|"6003-0031-01"| 0003.000000| 0000.000000| 0000.000000|0.000000
100|"6003-0033-01"| 0008.000000| 0000.000000| 0000.000000|0.000000
101|"6003-0034-01"| 0532.000000| 0000.000000| 0000.000000|0.000000
101|"6003-0038-01"| 0039.000000| 0000.000000| 0000.000000|0.000000
100|"6003-0046-01"| 0048.000000| 0000.000000| 0000.000000|0.000000
101|"6003-0047-01"| 0104.000000| 0000.000000| 0002.000000|2.000000
100|"6003-0070-01"| 0008.000000| 0000.000000| 0002.000000|2.000000
100|"6003-0086-01"| 0011.000000| 0000.000000| 0000.000000|0.000000
100|"6003-0107-01"| 0002.000000| 0000.000000| 0000.000000|0.000000
100|"6003-0108-01"| 0003.000000| 0000.000000| 0000.000000|0.000000
100|"6003-0131-01"| 0057.000000| 0000.000000| 0000.000000|0.000000
100|"6003-0135-01"| 0013.000000| 0000.000000| 0000.000000|0.000000
100|"6003-0158-02"| 0009.000000| 0001.000000| 0000.000000|0.000000
100|"6003-0161-01"| 0020.000000| 0000.000000| 0000.000000|0.000000
100|"6003-0168-01"| 0003.000000| 0000.000000| 0000.000000|0.000000
100|"6003-0168-02"| 0003.000000| 0020.000000| 0000.000000|0.000000
100|"6003-0168-03"| 0002.000000| 0000.000000| 0000.000000|0.000000
100|"6003-0172-01"| 0028.000000| 0000.000000| 0000.000000|0.000000
100|"6003-0183-01"| 0003.000000| 0000.000000| 0000.000000|0.000000
100|"6003-0184-01"| 0002.000000| 0000.000000| 0000.000000|0.000000
100|"6003-0190-01"| 0004.000000| 0010.000000| 0002.000000|2.000000
100|"6003-0191-01"| 0031.000000| 0020.000000| 0011.000000|11.000000
100|"6003-0192-01"| 0048.000000| 0000.000000| 0003.000000|3.000000
100|"6003-0194-01"| 0021.000000| 0000.000000| 0000.000000|0.000000
100|"6003-0194-10"| 0013.000000| 0000.000000| 0000.000000|0.000000
101|"6003-0194-25"| 0014.000000| 0000.000000| 0000.000000|0.000000
100|"6003-0194-50"| 0005.000000| 0000.000000| 0000.000000|0.000000
100|"6003-0198-01"| 0013.000000| 0000.000000| 0004.000000|4.000000
100|"6003-6006-01"| 0010.000000| 0000.000000| 0000.000000|0.000000
100|"6003-6007-01"| 0010.000000| 0000.000000| 0000.000000|0.000000
100|"6003-6012-01"| 0001.000000| 0000.000000| 0000.000000|0.000000
100|"6003-6027-01"| 0010.000000| 0000.000000| 0000.000000|0.000000
100|"6003-6028-01"| 0006.000000| 0000.000000| 0000.000000|0.000000
100|"6003-6029-01"| 0010.000000| 0000.000000| 0000.000000|0.000000
100|"6003-6030-01"| 0020.000000| 0000.000000| 0000.000000|0.000000
100|"6003-6031-01"| 0039.000000| 0000.000000| 0000.000000|0.000000
100|"6003-6034-01"| 0010.000000| 0037.000000| 0001.000000|1.000000
100|"6003-6035-01"| 0004.000000| 0000.000000| 0000.000000|0.000000
100|"6003-6037-01"| 0020.000000| 0034.000000| 0000.000000|0.000000
100|"6007-0039-03"| 0067.000000| 0000.000000| 0001.000000|0.000000
100|"6009-0001"| 2514.000000| 0000.000000| 0000.000000|0.000000
100|"6009-0002"| 2698.000000| 0000.000000| 0000.000000|0.000000
100|"6009-0003"| 1590.000000| 0000.000000| 0000.000000|0.000000
100|"6009-0004"| 1280.000000| 0000.000000| 0000.000000|0.000000
100|"6009-0005"| 9715.000000| 3000.000000| 2000.000000|2000.00000
100|"613P"| 0008.000000| 0000.000000| 0000.000000|0.000000
100|"710-5015"| 0015.000000| 0000.000000| 0000.000000|0.000000
100|"715-2201"| 0396.000000| 0000.000000| 0000.000000|0.000000
100|"720-1106"| 0156.000000| 0000.000000| 0075.000000|0.000000
100|"720-1107"| 0482.000000| 0000.000000| 0000.000000|0.000000
100|"720-2001"| 1092.000000| 0000.000000| 0000.000000|0.000000
100|"720-2501"| 0298.000000| 0000.000000| 0006.000000|0.000000
100|"770-1045"| 0040.000000| 0000.000000| 0000.000000|0.000000
100|"778-1005"| 0040.000000| 0000.000000| 0000.000000|0.000000
100|"800-0606"| 0001.000000| 0000.000000| 0000.000000|0.000000
100|"800-0607"| 0001.000000| 0000.000000| 0000.000000|0.000000
100|"800-0705"| 0002.000000| 0000.000000| 0000.000000|0.000000
100|"800-0720"| 0004.000000| 0000.000000| 0000.000000|0.000000
100|"800-110"| 0099.000000| 0000.000000| 0000.000000|0.000000
100|"800-307"| 0001.000000| 0000.000000| 0000.000000|0.000000
100|"800-308"| 0001.000000| 0000.000000| 0000.000000|0.000000
100|"800-405"| 0003.000000| 0000.000000| 0000.000000|0.000000
100|"8000-0451-01"| 0047.000000| 0000.000000| 0000.000000|0.000000
100|"8000-0492-01"| 0001.000000| 0000.000000| 0000.000000|0.000000
100|"8000-1362-01"| 0007.000000| 0000.000000| 0000.000000|0.000000
100|"8000-1375-01"| 0013.000000| 0000.000000| 0000.000000|0.000000
100|"8000-1673-01"| 0001.000000| 0000.000000| 0000.000000|0.000000
100|"8000-2573-01"| 0025.000000| 0000.000000| 0000.000000|0.000000
100|"8000-2573-18"| 0001.000000| 0000.000000| 0000.000000|0.000000
100|"8000-2711-03"| 0005.000000| 0000.000000| 0000.000000|0.000000
100|"8200-0050-03"| 0015.000000| 0000.000000| 0000.000000|0.000000
100|"8200-0068-01"| 0015.000000| 0017.000000| 0000.000000|0.000000
100|"8200-0069-01"| 0016.000000| 0016.000000| 0000.000000|0.000000
100|"8200-0084-01"| 0024.000000| 0000.000000| 0000.000000|0.000000
100|"8200-0093-01"| 0024.000000| 0000.000000| 0000.000000|0.000000
100|"8200-0214-01"| 0086.000000| 0000.000000| 0000.000000|0.000000
100|"8200-0299-01"| 0150.000000| 0000.000000| 0000.000000|0.000000
100|"8200-0315-01"| 0030.000000| 0020.000000| 0032.000000|30.000000
100|"8200-0331-01"| 0039.000000| 0000.000000| 0000.000000|0.000000
100|"9000-0221-01"| 0047.000000| 0000.000000| 0000.000000|0.000000
100|"9000-0252-01"| 0010.000000| 0000.000000| 0000.000000|0.000000
100|"9000-2072-01"| 0037.000000| 0000.000000| 0000.000000|0.000000
100|"9000-3115-01"| 0009.000000| 0000.000000| 0000.000000|0.000000
100|"9000-5082-01"| 0032.000000| 0000.000000| 0000.000000|0.000000
100|"9000-6000-01"| 0010.000000| 0000.000000| 0004.000000|4.000000
100|"920201"| 0024.000000| 0000.000000| 0000.000000|0.000000
100|"9500469"| 0640.000000| 0001.000000| 0012.000000|11.000000
100|"9600228"| 0262.000000| 0000.000000| 0000.000000|0.000000
100|"9600232"| 0030.000000| 0000.000000| 0000.000000|0.000000
100|"9U0100-0144-01"| 0003.000000| 0000.000000| 0000.000000|0.000000
100|"9U0100-0144-03"| 0002.000000| 0000.000000| 0000.000000|0.000000
100|"9U0100-0258-05"| 0009.000000| 0000.000000| 0001.000000|1.000000
100|"9U0100-0355-07"| 0076.000000| 0100.000000| 0009.000000|9.000000
100|"9U0100-0480-01"| 0002.000000| 0000.000000| 0000.000000|0.000000
100|"9U0100-0490-01"| 0001.000000| 0000.000000| 0000.000000|0.000000
100|"9U0100-0491-51"| 0003.000000| 0000.000000| 0000.000000|0.000000
100|"9U0100-0595-01"| 0002.000000| 0000.000000| 0000.000000|0.000000
100|"9U0100-0770-03"| 0006.000000| 0000.000000| 0000.000000|0.000000
100|"9U0100-0839-03"| 0029.000000| 0005.000000| 0007.000000|7.000000
100|"9U0100-0839-05"| 0002.000000| 0014.000000| 0007.000000|2.000000
100|"9U0100-1036-01"| 0013.000000| 0001.000000| 0002.000000|2.000000
100|"9U0100-1080-09"| 0001.000000| 0000.000000| 0000.000000|0.000000
100|"9U0100-1096-01"| 0024.000000| 0000.000000| 0000.000000|0.000000
100|"9U0100-1772-01"| 0199.000000| 0013.000000| 0006.000000|6.000000
100|"9U0100-2283-01"| 0012.000000| 0000.000000| 0000.000000|0.000000
100|"9U0100-2283-11"| 0051.000000| 0003.000000| 0006.000000|6.000000
100|"9U0100-2283-15"| 0002.000000| 0000.000000| 0000.000000|0.000000
100|"9U0100-2283-21"| 0019.000000| 0002.000000| 0003.000000|3.000000
100|"9U0100-2283-23"| 0006.000000| 0000.000000| 0000.000000|0.000000
100|"9U0100-2283-25"| 0001.000000| 0000.000000| 0000.000000|0.000000
100|"9U0100-2287-01"| 0006.000000| 0000.000000| 0000.000000|0.000000
100|"9U0100-2324-01"| 0058.000000| 0002.000000| 0003.000000|3.000000
100|"9U0100-2324-03"| 0047.000000| 0001.000000| 0004.000000|4.000000
100|"9U0100-2324-04"| 0006.000000| 0000.000000| 0000.000000|0.000000
100|"9U0100-2324-06"| 0020.000000| 0000.000000| 0000.000000|0.000000
100|"9U0100-2327-01"| 0002.000000| 0000.000000| 0000.000000|0.000000
100|"9U0100-2332-01"| 0027.000000| 0000.000000| 0001.000000|1.000000
100|"9U0100-2348-01"| 0001.000000| 0000.000000| 0000.000000|0.000000
100|"9U0100-2355-01"| 0026.000000| 0000.000000| 0000.000000|0.000000
100|"9U0100-2355-02"| 0013.000000| 0000.000000| 0000.000000|0.000000
100|"9U0100-2467-05"| 0007.000000| 0000.000000| 0000.000000|0.000000
100|"9U0100-2468-01"| 0012.000000| 0000.000000| 0000.000000|0.000000
100|"9U0100-2475-02"| 0048.000000| 0003.000000| 0012.000000|12.000000
100|"9U0100-2479-01"| 0002.000000| 0000.000000| 0000.000000|0.000000
100|"9U0101-0040-01"| 0005.000000| 0000.000000| 0000.000000|0.000000
100|"9U0101-0041-01"| 0029.000000| 0000.000000| 0000.000000|0.000000
100|"9U0101-0041-11"| 0013.000000| 0000.000000| 0001.000000|1.000000
100|"9U01EC76A"| 0073.000000| 0000.000000| 0005.000000|5.000000
100|"9U01MC76A-001"| 0030.000000| 0000.000000| 0000.000000|0.000000
100|"9U01MC76A-002"| 0002.000000| 0000.000000| 0000.000000|0.000000
100|"9U01MC76A-012"| 0004.000000| 0000.000000| 0000.000000|0.000000
100|"9U01MC76A-118"| 0007.000000| 0000.000000| 0000.000000|0.000000
100|"9U01MC76A-119"| 0003.000000| 0000.000000| 0000.000000|0.000000
100|"9U01MK91-02"| 0161.000000| 0021.000000| 0010.000000|10.000000
100|"9U01MK91-05"| 0143.000000| 0000.000000| 0000.000000|0.000000
100|"9U01MK91B-05"| 0012.000000| 0000.000000| 0000.000000|0.000000
100|"9U0300-0381-01"| 0003.000000| 0000.000000| 0000.000000|0.000000
100|"9U0300-0396-01"| 0004.000000| 0000.000000| 0000.000000|0.000000
100|"9U0300-0518-01"| 0001.000000| 0000.000000| 0000.000000|0.000000
100|"9U0300-0641-03"| 0001.000000| 0000.000000| 0000.000000|0.000000
100|"9U0300-0928-01"| 0007.000000| 0000.000000| 0001.000000|1.000000
100|"9U0300-0928-02"| 0004.000000| 0000.000000| 0002.000000|2.000000
100|"9U0300-0950-01"| 0001.000000| 0000.000000| 0005.000000|1.000000
100|"9U0300-0967-01"| 0055.000000| 0001.000000| 0003.000000|3.000000
100|"9U0300-0967-07"| 0005.000000| 0000.000000| 0000.000000|0.000000
100|"9U0300-0967-11"| 0026.000000| 0000.000000| 0001.000000|1.000000
100|"9U0300-1735-01"| 0119.000000| 0000.000000| 0002.000000|2.000000
100|"9U0300-1806-01"| 0001.000000| 0000.000000| 0000.000000|0.000000
100|"9U0300-1815-01"| 0003.000000| 0000.000000| 0000.000000|0.000000
100|"9U0300-1816-01"| 0002.000000| 0000.000000| 0000.000000|0.000000
100|"9U0300-1856-01"| 0001.000000| 0000.000000| 0000.000000|0.000000
100|"9U0300-1894-02"| 0003.000000| 0000.000000| 0000.000000|0.000000
100|"9U0300-2226-01"| 0002.000000| 0000.000000| 0000.000000|0.000000
100|"9U0300-2469-01"| 0001.000000| 0000.000000| 0000.000000|0.000000
100|"9U0301-0087-01"| 0009.000000| 0000.000000| 0000.000000|0.000000
100|"9U0301-0089-01"| 0002.000000| 0000.000000| 0000.000000|0.000000
100|"9U0301-0109-01"| 0003.000000| 0000.000000| 0000.000000|0.000000
100|"9U0301-0125-01"| 0002.000000| 0000.000000| 0000.000000|0.000000
100|"9U0301-0204-01"| 0032.000000| 0000.000000| 0000.000000|0.000000
100|"9U0301-0212-01"| 0001.000000| 0000.000000| 0003.000000|1.000000
100|"9U0301-0212-06"| 0001.000000| 0000.000000| 0000.000000|0.000000
100|"9U0301-0309-01"| 0004.000000| 0000.000000| 0000.000000|0.000000
100|"9U0301-0374-01"| 0007.000000| 0000.000000| 0000.000000|0.000000
100|"9U0301-0518-01"| 0011.000000| 0000.000000| 0000.000000|0.000000
100|"9U0301-0518-03"| 0006.000000| 0000.000000| 0000.000000|0.000000
100|"9U0301-0546-01"| 0002.000000| 0001.000000| 0000.000000|0.000000
100|"9U0301-0653-01"| 0008.000000| 0000.000000| 0000.000000|0.000000
100|"9U0301-0785-01"| 0016.000000| 0006.000000| 0001.000000|1.000000
100|"9U0301-0785-03"| 0001.000000| 0001.000000| 0000.000000|0.000000
100|"9U0301-0791-02"| 0003.000000| 0000.000000| 0000.000000|0.000000
100|"9U0301-0791-07"| 0003.000000| 0000.000000| 0000.000000|0.000000
100|"9U0301-0840-01"| 0002.000000| 0000.000000| 0000.000000|0.000000
100|"9U0301-0864-01"| 0001.000000| 0000.000000| 0000.000000|0.000000
100|"9U0301-0869-01"| 0007.000000| 0000.000000| 0000.000000|0.000000
100|"9U0301-0869-02"| 0002.000000| 0000.000000| 0000.000000|0.000000
100|"9U0301-0870-01"| 0001.000000| 0000.000000| 0000.000000|0.000000
100|"9U0301-0949-01"| 0008.000000| 0001.000000| 0000.000000|0.000000
100|"9U0301-1020-01"| 0004.000000| 0000.000000| 0000.000000|0.000000
100|"9U0301-1021-01"| 0020.000000| 0000.000000| 0000.000000|0.000000
100|"9U0301-1029-01"| 0030.000000| 0000.000000| 0000.000000|0.000000
100|"9U0301-1031-01"| 0008.000000| 0000.000000| 0000.000000|0.000000
100|"9U0301-1039-01"| 0011.000000| 0000.000000| 0000.000000|0.000000
100|"9U0301-1077-01"| 0003.000000| 0000.000000| 0000.000000|0.000000
100|"9U0301-1101-03"| 0008.000000| 0000.000000| 0000.000000|0.000000
100|"9U0305-2033-01"| 0004.000000| 0000.000000| 0000.000000|0.000000
100|"9U0309-0005-05"| 0009.000000| 0004.000000| 0001.000000|1.000000
100|"9U0309-0037-01"| 0013.000000| 0002.000000| 0003.000000|3.000000
100|"9U0309-0042-01"| 0001.000000| 0000.000000| 0000.000000|0.000000
100|"9U0309-0043-01"| 0050.000000| 0000.000000| 0000.000000|0.000000
100|"9U0309-0047-01"| 0016.000000| 0000.000000| 0001.000000|1.000000
100|"9U0404-0004-01"| 0002.000000| 0000.000000| 0000.000000|0.000000
100|"9U0710-0099-0100"| 0001.000000| 0000.000000| 0000.000000|0.000000
100|"9U150-140"| 0001.000000| 0000.000000| 0000.000000|0.000000
100|"9U2003-0014-01"| 0044.000000| 0000.000000| 0000.000000|0.000000
100|"9U2003-0026-01"| 0002.000000| 0000.000000| 0000.000000|0.000000
100|"9U2003-0027-01"| 0005.000000| 0000.000000| 0000.000000|0.000000
100|"9U2003-0036-05"| 0006.000000| 0000.000000| 0000.000000|0.000000
100|"9U2003-0042-01"| 0007.000000| 0000.000000| 0000.000000|0.000000
100|"9U2025-0004-01"| 0001.000000| 0000.000000| 0000.000000|0.000000
100|"9U2025-0194-01"| 0002.000000| 0000.000000| 0000.000000|0.000000
100|"9U2025-0410-01"| 0002.000000| 0000.000000| 0000.000000|0.000000
100|"9U2025-6039-01"| 0013.000000| 0000.000000| 0000.000000|0.000000
100|"9U2025-6087-01"| 0006.000000| 0000.000000| 0000.000000|0.000000
100|"9UAD1024CPU"| 0004.000000| 0000.000000| 0000.000000|0.000000
100|"9UAD1686B"| 0001.000000| 0000.000000| 0000.000000|0.000000
100|"9UAD168PSM-PC"| 0002.000000| 0000.000000| 0000.000000|0.000000
100|"9UAD1691"| 0002.000000| 0000.000000| 0000.000000|0.000000
100|"9UAD2079"| 0001.000000| 0000.000000| 0000.000000|0.000000
100|"9UAD2083-02B"| 0002.000000| 0000.000000| 0000.000000|0.000000
100|"9UAD2088"| 0004.000000| 0000.000000| 0000.000000|0.000000
100|"9UAD2091"| 0003.000000| 0000.000000| 0000.000000|0.000000
100|"9UAD2150NC"| 0002.000000| 0000.000000| 0000.000000|0.000000
100|"9UAD8025"| 0006.000000| 0000.000000| 0000.000000|0.000000
100|"9UAD8096HD"| 0038.000000| 0015.000000| 0002.000000|2.000000
100|"9UAD8168HD"| 0001.000000| 0000.000000| 0000.000000|0.000000
100|"9UAD8960HD"| 0004.000000| 0000.000000| 0000.000000|0.000000
100|"9UAD9414"| 0016.000000| 0000.000000| 0000.000000|0.000000
100|"9UAD9421A"| 0005.000000| 0000.000000| 0004.000000|4.000000
100|"9UAD950B"| 0001.000000| 0000.000000| 0000.000000|0.000000
100|"9UAD9517B"| 0003.000000| 0000.000000| 0000.000000|0.000000
100|"9UADC500"| 0001.000000| 0000.000000| 0000.000000|0.000000
100|"9UADC660X"| 0004.000000| 0000.000000| 0000.000000|0.000000
100|"9UADC732"| 0005.000000| 0017.000000| 0010.000000|5.000000
100|"9UADCA330CN"| 0005.000000| 0000.000000| 0000.000000|0.000000
100|"9UAS0009-02"| 0003.000000| 0000.000000| 0000.000000|0.000000
100|"9UAS0009-42"| 0001.000000| 0000.000000| 0000.000000|0.000000
100|"9UAS0016-00"| 0001.000000| 0000.000000| 0000.000000|0.000000
100|"9UAS0020-01"| 0001.000000| 0001.000000| 0000.000000|0.000000
100|"9UAS0054-00"| 0002.000000| 0000.000000| 0000.000000|0.000000
100|"9UAS0054-01"| 0008.000000| 0000.000000| 0000.000000|0.000000
100|"9UAS0063-01"| 0003.000000| 0000.000000| 0000.000000|0.000000
100|"9UAS0073-000"| 0001.000000| 0000.000000| 0000.000000|0.000000
100|"9UAS0074-000"| 0003.000000| 0000.000000| 0000.000000|0.000000
100|"9UAS0100-004MB"| 0005.000000| 0001.000000| 0000.000000|0.000000
100|"9UAS0100-008MB"| 0001.000000| 0000.000000| 0000.000000|0.000000
100|"9UAS0100-016MB"| 0003.000000| 0000.000000| 0000.000000|0.000000
100|"9UAS0101-003"| 0002.000000| 0000.000000| 0000.000000|0.000000
100|"9UAS0101-003MB"| 0001.000000| 0000.000000| 0000.000000|0.000000
100|"9UD60030D-032"| 0001.000000| 0000.000000| 0000.000000|0.000000
100|"9UD60030D-048"| 0001.000000| 0000.000000| 0000.000000|0.000000
100|"9UD60030S-032"| 0001.000000| 0000.000000| 0000.000000|0.000000
100|"9UD60030S-048"| 0002.000000| 0000.000000| 0000.000000|0.000000
100|"9UD60031D-032"| 0002.000000| 0003.000000| 0001.000000|1.000000
100|"9UEB-5"| 0001.000000| 0000.000000| 0000.000000|0.000000
100|"9UESM480"| 0002.000000| 0000.000000| 0000.000000|0.000000
100|"9UESM640"| 0002.000000| 0000.000000| 0002.000000|2.000000
100|"9UIPC019"| 0001.000000| 0000.000000| 0000.000000|0.000000
100|"9UIPC033"| 0001.000000| 0000.000000| 0000.000000|0.000000
100|"9UKT-200CSA"| 0003.000000| 0000.000000| 0000.000000|0.000000
100|"9UKT-200PCB"| 0006.000000| 0000.000000| 0000.000000|0.000000
100|"9UKT-300PCB128"| 0008.000000| 0000.000000| 0000.000000|0.000000
100|"9UMV16P-20"| 0001.000000| 0000.000000| 0000.000000|0.000000
100|"9UMV16P-30"| 0002.000000| 0000.000000| 0000.000000|0.000000
100|"9UMV19P-30"| 0005.000000| 0000.000000| 0000.000000|0.000000
100|"9UMV47"| 0002.000000| 0000.000000| 0000.000000|0.000000
100|"9UMV77"| 0004.000000| 0000.000000| 0000.000000|0.000000
100|"9UMV87"| 0037.000000| 0000.000000| 0000.000000|0.000000
100|"9UMV94P-30"| 0009.000000| 0000.000000| 0000.000000|0.000000
100|"9UMV96P-30"| 0005.000000| 0000.000000| 0000.000000|0.000000
100|"9UMV99P-30"| 0002.000000| 0000.000000| 0000.000000|0.000000
100|"9URA444S"| 0002.000000| 0000.000000| 0000.000000|0.000000
100|"9URAS585LP"| 0007.000000| 0000.000000| 0000.000000|0.000000
100|"9URAS585LS"| 0010.000000| 0000.000000| 0000.000000|0.000000
100|"9URAS586LS"| 0008.000000| 0000.000000| 0000.000000|0.000000
100|"9URAS588LP"| 0003.000000| 0000.000000| 0000.000000|0.000000
100|"9URJ1SNUD"| 0004.000000| 0000.000000| 0000.000000|0.000000
100|"9URJ856UD"| 0002.000000| 0000.000000| 0000.000000|0.000000
100|"9URM-4"| 0067.000000| 0000.000000| 0000.000000|0.000000
100|"9URM-4K"| 0009.000000| 0000.000000| 0000.000000|0.000000
100|"9URM1-MP"| 0005.000000| 0000.000000| 0000.000000|0.000000
100|"9URM1-PH"| 0005.000000| 0000.000000| 0000.000000|0.000000
100|"9URM1-W"| 0001.000000| 0000.000000| 0000.000000|0.000000
100|"9URM109"| 0080.000000| 0000.000000| 0000.000000|0.000000
100|"9URM117S"| 0001.000000| 0000.000000| 0000.000000|0.000000
100|"9URM2-MP"| 0002.000000| 0000.000000| 0000.000000|0.000000
100|"9URM2-PH"| 0002.000000| 0000.000000| 0000.000000|0.000000
100|"9URM2L-PH"| 0001.000000| 0000.000000| 0000.000000|0.000000
100|"9URM310"| 0005.000000| 0000.000000| 0000.000000|0.000000
100|"9URM314"| 0003.000000| 0000.000000| 0000.000000|0.000000
100|"9URM321"| 0002.000000| 0000.000000| 0000.000000|0.000000
100|"9URM427E"| 0001.000000| 0000.000000| 0000.000000|0.000000
100|"9URP16"| 0003.000000| 0000.000000| 0000.000000|0.000000
100|"9URT130C"| 0009.000000| 0000.000000| 0001.000000|1.000000
100|"9URT4444C"| 0009.000000| 0000.000000| 0000.000000|0.000000
100|"9URT4444Q"| 0005.000000| 0000.000000| 0000.000000|0.000000
100|"9URTX1000N"| 0003.000000| 0000.000000| 0000.000000|0.000000
100|"9URV1316-30"| 0002.000000| 0000.000000| 0000.000000|0.000000
100|"9URV2109"| 0004.000000| 0000.000000| 0000.000000|0.000000
100|"9URV2204-30"| 0003.000000| 0000.000000| 0000.000000|0.000000
100|"9URV2209-30"| 0003.000000| 0000.000000| 0001.000000|1.000000
100|"9URV2216-20"| 0003.000000| 0000.000000| 0000.000000|0.000000
100|"9URV2216-30"| 0030.000000| 0000.000000| 0002.000000|2.000000
100|"9URV2400"| 0001.000000| 0000.000000| 0001.000000|1.000000
100|"9URV2424"| 0071.000000| 0027.000000| 0011.000000|8.000000
100|"9URV2904A"| 0002.000000| 0000.000000| 0000.000000|0.000000
100|"9URV2904A-30"| 0002.000000| 0000.000000| 0000.000000|0.000000
100|"9URV2909A-30"| 0002.000000| 0000.000000| 0000.000000|0.000000
100|"9URV3116"| 0004.000000| 0000.000000| 0000.000000|0.000000
100|"9URVGA1710B"| 0005.000000| 0000.000000| 0000.000000|0.000000
100|"9URVGVPT2"| 0001.000000| 0000.000000| 0000.000000|0.000000
100|"9URVTLR24B"| 0005.000000| 0000.000000| 0000.000000|0.000000
100|"9USMV909P-30"| 0001.000000| 0000.000000| 0000.000000|0.000000
100|"9USMV916P-30"| 0003.000000| 0000.000000| 0000.000000|0.000000
100|"9USNVTU"| 0001.000000| 0000.000000| 0000.000000|0.000000
100|"9USTAR-ACM8-W"| 0002.000000| 0000.000000| 0000.000000|0.000000
100|"9USTARGC-16MB"| 0005.000000| 0000.000000| 0000.000000|0.000000
100|"9UTCS-100PCB"| 0002.000000| 0000.000000| 0000.000000|0.000000
100|"9UZAUPSH"| 0001.000000| 0000.000000| 0000.000000|0.000000
100|"9UZAUPSH2"| 0003.000000| 0000.000000| 0000.000000|0.000000
100|"9UZB149XP"| 0076.000000| 0023.000000| 0007.000000|7.000000
100|"9UZB749XP"| 0077.000000| 0000.000000| 0001.000000|1.000000
100|"9UZBSLPP2"| 0015.000000| 0001.000000| 0005.000000|5.000000
100|"9UZBSMPRO"| 0123.000000| 0012.000000| 0016.000000|16.000000
100|"9UZBSTPPK1"| 0181.000000| 0000.000000| 0006.000000|6.000000
100|"9UZEHHDTHD"| 0071.000000| 0019.000000| 0011.000000|11.000000
100|"9UZEHHDW"| 0017.000000| 0000.000000| 0000.000000|0.000000
100|"9UZEUPPLUS"| 0006.000000| 0000.000000| 0000.000000|0.000000
100|"A-CDVR80"| 0001.000000| 0000.000000| 0000.000000|0.000000
100|"A-SDR4E-80"| 0002.000000| 0000.000000| 0000.000000|0.000000
100|"ABCG-402"| 0007.000000| 0005.000000| 0000.000000|0.000000
100|"AD100IR16"| 0003.000000| 0000.000000| 0000.000000|0.000000
100|"AD100IRE"| 0008.000000| 0000.000000| 0000.000000|0.000000
100|"AD100RL8"| 0002.000000| 0000.000000| 0000.000000|0.000000
100|"AD100RL8-1"| 0001.000000| 0000.000000| 0000.000000|0.000000
100|"AD100RLW"| 0311.000000| 0000.000000| 0000.000000|0.000000
100|"AD100RS8"| 0003.000000| 0000.000000| 0000.000000|0.000000
100|"AD100RSC"| 0172.000000| 0000.000000| 0000.000000|0.000000
100|"AD100XA-1A"| 0004.000000| 0000.000000| 0000.000000|0.000000
100|"AD1010-TBB"| 0002.000000| 0000.000000| 0000.000000|0.000000
100|"AD1020-1541"| 0064.000000| 0000.000000| 0000.000000|0.000000
100|"AD1020-15PS"| 0028.000000| 0000.000000| 0000.000000|0.000000
100|"AD1020-3020"| 0005.000000| 0000.000000| 0000.000000|0.000000
100|"AD1020-3050"| 0010.000000| 0000.000000| 0000.000000|0.000000
100|"AD1020-3051"| 0003.000000| 0000.000000| 0000.000000|0.000000
100|"AD1020-6020"| 0017.000000| 0011.000000| 0002.000000|2.000000
100|"AD1020-6050"| 0011.000000| 0000.000000| 0000.000000|0.000000
100|"AD1020-6051"| 0005.000000| 0000.000000| 0000.000000|0.000000
100|"AD1024CG"| 0012.000000| 0000.000000| 0000.000000|0.000000
100|"AD1024CPU"| 0009.000000| 0000.000000| 0001.000000|1.000000
100|"AD1024CPUKIT"| 0010.000000| 0001.000000| 0000.000000|0.000000
100|"AD1024HS"| 0002.000000| 0007.000000| 0000.000000|0.000000
100|"AD1024HSX"| 0002.000000| 0000.000000| 0000.000000|0.000000
100|"AD1024R160-12"| 0002.000000| 0000.000000| 0000.000000|0.000000
100|"AD1024S3"| 0001.000000| 0000.000000| 0000.000000|0.000000
100|"AD1040-3060PSA"| 0004.000000| 0000.000000| 0000.000000|0.000000
100|"AD1200AX"| 0009.000000| 0000.000000| 0000.000000|0.000000
100|"AD1240-24"| 0025.000000| 0000.000000| 0000.000000|0.000000
100|"AD1240-24A"| 0007.000000| 0000.000000| 0000.000000|0.000000
100|"AD1240-24H"| 0025.000000| 0000.000000| 0000.000000|0.000000
100|"AD1240-24P"| 0035.000000| 0000.000000| 0000.000000|0.000000
100|"AD1240-24PH"| 0004.000000| 0000.000000| 0000.000000|0.000000
100|"AD1241-24VPH"| 0003.000000| 0000.000000| 0000.000000|0.000000
100|"AD1301"| 0073.000000| 0000.000000| 0012.000000|13.000000
100|"AD1301DCM"| 0030.000000| 0000.000000| 0000.000000|0.000000
100|"AD1303"| 0035.000000| 0000.000000| 0000.000000|0.000000
100|"AD1303DCM"| 0036.000000| 0000.000000| 0000.000000|0.000000
100|"AD1303RK"| 0021.000000| 0000.000000| 0000.000000|0.000000
100|"AD1305"| 0016.000000| 0000.000000| 0000.000000|0.000000
100|"AD1310-H24"| 0007.000000| 0000.000000| 0000.000000|0.000000
100|"AD1314"| 0274.000000| 0040.000000| 0032.000000|4.000000
100|"AD1314-B24"| 0019.000000| 0010.000000| 0003.000000|3.000000
100|"AD1314-H24"| 0030.000000| 0000.000000| 0000.000000|0.000000
100|"AD1314-HB24"| 0783.000000| 0000.000000| 0200.000000|162.000000
100|"AD1314-SS"| 0048.000000| 0000.000000| 0000.000000|0.000000
100|"AD1315-10"| 0002.000000| 0000.000000| 0000.000000|0.000000
100|"AD1315-10S"| 0012.000000| 0000.000000| 0000.000000|0.000000
100|"AD1335-14SH24"| 0015.000000| 0000.000000| 0000.000000|0.000000
100|"AD1335-H24"| 0033.000000| 0000.000000| 0000.000000|0.000000
100|"AD1348-14"| 0022.000000| 0000.000000| 0000.000000|0.000000
100|"AD1348-14HK"| 0025.000000| 0000.000000| 0000.000000|0.000000
100|"AD1371C"| 0024.000000| 0003.000000| 0000.000000|0.000000
100|"AD1372B"| 0006.000000| 0000.000000| 0000.000000|0.000000
100|"AD1373B"| 0013.000000| 0000.000000| 0000.000000|0.000000
100|"AD1381"| 0025.000000| 0000.000000| 0001.000000|1.000000
100|"AD1382"| 0016.000000| 0000.000000| 0000.000000|0.000000
100|"AD1384"| 0013.000000| 0010.000000| 0000.000000|0.000000
100|"AD1385"| 0014.000000| 0000.000000| 0000.000000|0.000000
100|"AD1389A"| 0014.000000| 0000.000000| 0000.000000|0.000000
100|"AD1408A"| 0410.000000| 0400.000000| 0178.000000|179.000000
100|"AD1421"| 0032.000000| 0018.000000| 0001.000000|1.000000
100|"AD1422"| 0074.000000| 0019.000000| 0019.000000|19.000000
100|"AD1603N"| 0002.000000| 0000.000000| 0000.000000|0.000000
100|"AD1603N-X"| 0001.000000| 0000.000000| 0000.000000|0.000000
100|"AD1609CM"| 0011.000000| 0000.000000| 0000.000000|0.000000
100|"AD1609PC"| 0004.000000| 0000.000000| 0000.000000|0.000000
100|"AD1611"| 0002.000000| 0005.000000| 0001.000000|1.000000
100|"AD1626"| 0023.000000| 0000.000000| 0000.000000|0.000000
100|"AD1626BP"| 0004.000000| 0000.000000| 0000.000000|0.000000
100|"AD1626KIT"| 0007.000000| 0000.000000| 0000.000000|0.000000
100|"AD1641EKIT"| 0011.000000| 0000.000000| 0000.000000|0.000000
100|"AD1641M-2"| 0011.000000| 0000.000000| 0000.000000|0.000000
100|"AD1641M-2F-1"| 0010.000000| 0000.000000| 0002.000000|2.000000
100|"AD1641M-2X"| 0002.000000| 0000.000000| 0000.000000|0.000000
100|"AD1650BKIT"| 0006.000000| 0000.000000| 0000.000000|0.000000
100|"AD1651BR"| 0002.000000| 0000.000000| 0000.000000|0.000000
100|"AD1655R"| 0001.000000| 0000.000000| 0000.000000|0.000000
100|"AD1656R"| 0004.000000| 0000.000000| 0000.000000|0.000000
100|"AD1676BX"| 0010.000000| 0000.000000| 0000.000000|0.000000
100|"AD1683"| 0006.000000| 0000.000000| 0000.000000|0.000000
100|"AD1686B"| 0018.000000| 0010.000000| 0000.000000|0.000000
100|"AD1686BPC"| 0001.000000| 0000.000000| 0000.000000|0.000000
100|"AD168CCM-1"| 0001.000000| 0001.000000| 0000.000000|0.000000
100|"AD168CCM-BP"| 0003.000000| 0000.000000| 0000.000000|0.000000
100|"AD168CCM-PC"| 0006.000000| 0000.000000| 0000.000000|0.000000
100|"AD168CPM-BP"| 0004.000000| 0000.000000| 0000.000000|0.000000
100|"AD168CPM-PC"| 0007.000000| 0003.000000| 0000.000000|0.000000
100|"AD168PSM-BP"| 0004.000000| 0000.000000| 0000.000000|0.000000
100|"AD168PSM-PC"| 0006.000000| 0002.000000| 0003.000000|3.000000
100|"AD168UPGR-33"| 0002.000000| 0002.000000| 0000.000000|0.000000
100|"AD168UPGR-CBL"| 0006.000000| 0000.000000| 0000.000000|0.000000
100|"AD168UPGR-CPU"| 0003.000000| 0000.000000| 0000.000000|0.000000
100|"AD168VIM-1"| 0031.000000| 0000.000000| 0009.000000|9.000000
100|"AD168VIM-2"| 0002.000000| 0000.000000| 0000.000000|0.000000
100|"AD168VIM-3"| 0003.000000| 0000.000000| 0000.000000|0.000000
100|"AD168VIM-4"| 0010.000000| 0003.000000| 0004.000000|0.000000
100|"AD168VIM-BP1"| 0011.000000| 0000.000000| 0000.000000|0.000000
100|"AD168VIM-BP2"| 0004.000000| 0000.000000| 0000.000000|0.000000
100|"AD168VIM-BP3"| 0008.000000| 0000.000000| 0000.000000|0.000000
100|"AD168VIM-BP4"| 0005.000000| 0000.000000| 0000.000000|0.000000
100|"AD168VIM-PC"| 0010.000000| 0000.000000| 0000.000000|0.000000
100|"AD168VOM-1"| 0005.000000| 0000.000000| 0001.000000|1.000000
100|"AD168VOM-2"| 0002.000000| 0000.000000| 0000.000000|0.000000
100|"AD168VOM-PC"| 0007.000000| 0000.000000| 0000.000000|0.000000
100|"AD1691"| 0004.000000| 0010.000000| 0000.000000|0.000000
100|"AD1983"| 0004.000000| 0015.000000| 0015.000000|4.000000
100|"AD1983-CS536"| 0006.000000| 0000.000000| 0000.000000|0.000000
100|"AD1983X"| 0001.000000| 0000.000000| 0000.000000|0.000000
100|"AD2010DB"| 0006.000000| 0000.000000| 0000.000000|0.000000
100|"AD2010DBVLKIT"| 0003.000000| 0000.000000| 0000.000000|0.000000
100|"AD2010PS"| 0005.000000| 0000.000000| 0000.000000|0.000000
100|"AD2010R"| 0008.000000| 0003.000000| 0000.000000|0.000000
100|"AD2016AVIM-1"| 0006.000000| 0017.000000| 0004.000000|4.000000
100|"AD2016AVIM-2"| 0014.000000| 0005.000000| 0000.000000|0.000000
100|"AD2016AVIM-3"| 0020.000000| 0000.000000| 0000.000000|0.000000
100|"AD2016AVIM-4"| 0029.000000| 0009.000000| 0005.000000|5.000000
100|"AD2016BP-1"| 0006.000000| 0000.000000| 0000.000000|0.000000
100|"AD2016BP-2"| 0003.000000| 0006.000000| 0000.000000|0.000000
100|"AD2016BP-3"| 0007.000000| 0006.000000| 0012.000000|7.000000
100|"AD2016BP-4"| 0011.000000| 0012.000000| 0000.000000|0.000000
100|"AD2016CB"| 0025.000000| 0000.000000| 0002.000000|0.000000
100|"AD2016CB8"| 0015.000000| 0070.000000| 0063.000000|15.000000
100|"AD2016PC"| 0016.000000| 0000.000000| 0001.000000|1.000000
100|"AD2016TERM"| 0007.000000| 0013.000000| 0005.000000|5.000000
100|"AD2024AVOM-1"| 0019.000000| 0001.000000| 0000.000000|0.000000
100|"AD2024BP-1"| 0003.000000| 0000.000000| 0000.000000|0.000000
100|"AD2024BP-2"| 0009.000000| 0000.000000| 0000.000000|0.000000
100|"AD2024MDT"| 0001.000000| 0005.000000| 0000.000000|0.000000
100|"AD2024PC"| 0013.000000| 0000.000000| 0000.000000|0.000000
100|"AD2031"| 0001.000000| 0009.000000| 0000.000000|0.000000
100|"AD2032"| 0004.000000| 0000.000000| 0000.000000|0.000000
100|"AD2033"| 0003.000000| 0000.000000| 0000.000000|0.000000
100|"AD2052ACPM"| 0007.000000| 0000.000000| 0000.000000|0.000000
100|"AD2078AKIT"| 0002.000000| 0000.000000| 0000.000000|0.000000
100|"AD2081"| 0005.000000| 0001.000000| 0000.000000|0.000000
100|"AD2081-1"| 0001.000000| 0000.000000| 0000.000000|0.000000
100|"AD2083-02B"| 0017.000000| 0000.000000| 0000.000000|0.000000
100|"AD2083-02B-1"| 0002.000000| 0000.000000| 0000.000000|0.000000
100|"AD2083-02BKIT"| 0025.000000| 0000.000000| 0006.000000|6.000000
100|"AD2088"| 0066.000000| 0063.000000| 0011.000000|11.000000
100|"AD2088-1"| 0011.000000| 0000.000000| 0000.000000|0.000000
100|"AD2088R"| 0011.000000| 0009.000000| 0012.000000|11.000000
100|"AD2088R-1"| 0018.000000| 0000.000000| 0000.000000|0.000000
100|"AD2091"| 0034.000000| 0000.000000| 0002.000000|2.000000
100|"AD2091-1"| 0002.000000| 0000.000000| 0000.000000|0.000000
100|"AD2096-1"| 0001.000000| 0000.000000| 0000.000000|0.000000
100|"AD2096A"| 0012.000000| 0000.000000| 0000.000000|0.000000
100|"AD2117-11"| 0007.000000| 0000.000000| 0000.000000|0.000000
100|"AD2117-21"| 0005.000000| 0000.000000| 0000.000000|0.000000
100|"AD2150EKIT"| 0006.000000| 0000.000000| 0000.000000|0.000000
100|"AD2150NC"| 0002.000000| 0010.000000| 0000.000000|0.000000
100|"AD2150NC-1"| 0009.000000| 0000.000000| 0000.000000|0.000000
100|"AD5500"| 0007.000000| 0000.000000| 0000.000000|0.000000
100|"AD5568"| 0004.000000| 0000.000000| 0000.000000|0.000000
100|"AD5581"| 0003.000000| 0000.000000| 0000.000000|0.000000
100|"AD8168HD"| 0012.000000| 0000.000000| 0000.000000|0.000000
100|"AD910A"| 0898.000000| 0995.000000| 0271.000000|59.000000
100|"AD910ARK"| 0025.000000| 0000.000000| 0000.000000|0.000000
100|"AD912A"| 0201.000000| 0000.000000| 0000.000000|0.000000
100|"AD917A"| 0065.000000| 0000.000000| 0001.000000|1.000000
100|"AD917ARK"| 0013.000000| 0000.000000| 0000.000000|0.000000
100|"AD9410"| 0240.000000| 0160.000000| 0069.000000|69.000000
100|"AD9414"| 0934.000000| 1482.000000| 0483.000000|326.000000
100|"AD9414RK"| 0025.000000| 0000.000000| 0000.000000|0.000000
100|"AD950B"| 0153.000000| 0613.000000| 0025.000000|25.000000
100|"AD9517B"| 0264.000000| 0401.000000| 0039.000000|20.000000
100|"AD9517RK"| 0034.000000| 0010.000000| 0002.000000|0.000000
100|"AD9615DS"| 0101.000000| 0035.000000| 0008.000000|10.000000
100|"AD9615RK"| 0017.000000| 0015.000000| 0003.000000|2.000000
100|"AD9615V"| 0150.000000| 0051.000000| 0002.000000|1.000000
100|"ADACRJ45CVT1"| 0006.000000| 0010.000000| 0000.000000|0.000000
100|"ADACSNET"| 0026.000000| 0000.000000| 0001.000000|1.000000
100|"ADACTD01128U"| 0008.000000| 0003.000000| 0000.000000|0.000000
100|"ADACTP01BNC"| 0123.000000| 0432.000000| 0000.000000|0.000000
100|"ADACUSBCVT1"| 0010.000000| 0000.000000| 0000.000000|0.000000
100|"ADC112"| 0113.000000| 0150.000000| 0092.000000|92.000000
100|"ADC112X"| 0056.000000| 0000.000000| 0000.000000|0.000000
100|"ADC124"| 1049.000000| 0000.000000| 0023.000000|26.000000
100|"ADC1624UL"| 0197.000000| 0750.000000| 0128.000000|109.000000
100|"ADC500"| 0042.000000| 0000.000000| 0001.000000|1.000000
100|"ADC520D"| 0105.000000| 0000.000000| 0005.000000|5.000000
100|"ADC521B"| 0043.000000| 0000.000000| 0000.000000|0.000000
100|"ADC522WP"| 0051.000000| 0050.000000| 0000.000000|0.000000
100|"ADC523PIR"| 0026.000000| 0000.000000| 0000.000000|0.000000
100|"ADC531"| 0295.000000| 0060.000000| 0005.000000|5.000000
100|"ADC531X"| 0029.000000| 0000.000000| 0000.000000|0.000000
100|"ADC660"| 0308.000000| 0000.000000| 0011.000000|2.000000
100|"ADC660X"| 0066.000000| 0000.000000| 0000.000000|0.000000
100|"ADC700"| 0039.000000| 0050.000000| 0000.000000|0.000000
100|"ADC700X"| 0012.000000| 0000.000000| 0000.000000|0.000000
100|"ADC710"| 0840.000000| 0000.000000| 0117.000000|117.000000
100|"ADC710X"| 0049.000000| 0000.000000| 0002.000000|2.000000
100|"ADC720D"| 0108.000000| 0275.000000| 0134.000000|72.000000
100|"ADC720DW"| 0066.000000| 0000.000000| 0009.000000|9.000000
100|"ADC721B"| 0026.000000| 0050.000000| 0000.000000|0.000000
100|"ADC722WP"| 0008.000000| 0945.000000| 0214.000000|8.000000
100|"ADC723PIR"| 0029.000000| 0050.000000| 0002.000000|2.000000
100|"ADC732X"| 0007.000000| 0000.000000| 0005.000000|5.000000
100|"ADC762"| 0001.000000| 0000.000000|-0002.000000|0.000000
100|"ADC780-ORING"| 0001.000000| 0000.000000| 0000.000000|0.000000
100|"ADC780CM-24"| 0032.000000| 0000.000000| 0003.000000|3.000000
100|"ADC780CM-24HI"| 0005.000000| 0000.000000| 0000.000000|0.000000
100|"ADC780CM-H24"| 0034.000000| 0000.000000| 0000.000000|0.000000
100|"ADC780FD-24"| 0104.000000| 0000.000000| 0038.000000|34.000000
100|"ADC780SD-24"| 0016.000000| 0533.000000| 0080.000000|16.000000
100|"ADC780SD-24X"| 0022.000000| 0000.000000| 0003.000000|3.000000
100|"ADC780SD-H24"| 0205.000000| 0000.000000| 0000.000000|0.000000
100|"ADC780SD-HB24"| 0007.000000| 0000.000000| 0000.000000|0.000000
100|"ADC824UL"| 0180.000000| 0050.000000| 0122.000000|95.000000
100|"ADCA330CN"|-0069.000000| 0000.000000|-0012.000000|0.000000
109|"ADCA330CN"| 0492.000000| 0000.000000| 1557.000000|492.000000
100|"ADCA470CAFN"| 0013.000000| 0001.000000|-0011.000000|1.000000
109|"ADCA470CAFN"| 0001.000000| 0000.000000| 0591.000000|1.000000
109|"ADCC0200"| 0042.000000| 0000.000000| 0000.000000|0.000000
109|"ADCC0300"| 0028.000000| 0000.000000| 0001.000000|1.000000
109|"ADCCACPSN"| 0027.000000| 0000.000000| 0000.000000|0.000000
100|"ADCH10"| 0097.000000| 0000.000000| 0000.000000|0.000000
100|"ADCH10B"| 0030.000000| 0000.000000| 0010.000000|10.000000
100|"ADCH10H"| 0039.000000| 0000.000000| 0000.000000|0.000000
100|"ADCH10HB"| 0094.000000| 0000.000000| 0000.000000|0.000000
100|"ADCH10HBMT8"| 0441.000000| 0185.000000| 0000.000000|0.000000
100|"ADCH10MT8"| 0117.000000| 0075.000000| 0000.000000|0.000000
100|"ADCH10SS"| 0017.000000| 0010.000000| 0011.000000|11.000000
100|"ADCHMTCEIL"| 0052.000000| 0025.000000| 0014.000000|14.000000
100|"ADCHMTCRNR"| 0006.000000| 0000.000000| 0001.000000|0.000000
100|"ADCHMTPED"| 0023.000000| 0000.000000| 0000.000000|0.000000
100|"ADCHMTPOLE"| 0099.000000| 0000.000000| 0002.000000|2.000000
100|"ADCHMTWALL"| 0977.000000| 0000.000000| 0234.000000|173.000000
100|"ADCLVF1836DC"| 0050.000000| 0000.000000| 0022.000000|22.000000
100|"ADCLVF3212DC"| 0224.000000| 0020.000000| 0003.000000|2.000000
100|"ADCLVF3212MI"| 0323.000000| 0000.000000| 0000.000000|0.000000
100|"ADCM100T"| 0868.000000| 0000.000000| 0243.000000|189.000000
100|"ADDG4004080N"| 0002.000000| 0038.000000| 0007.000000|2.000000
100|"ADDG4004160N"| 0069.000000| 0000.000000| 0000.000000|0.000000
100|"ADDG4004320N"| 0049.000000| 0000.000000| 0000.000000|0.000000
100|"ADDG4009160N"| 0003.000000| 0024.000000| 0002.000000|2.000000
100|"ADDG4009320N"| 0030.000000| 0000.000000| 0001.000000|1.000000
100|"ADDG4016080N"| 0048.000000| 0000.000000| 0000.000000|0.000000
100|"ADDG4016160N"| 0106.000000| 0000.000000| 0000.000000|0.000000
100|"ADDG4016320N"| 0059.000000| 0000.000000| 0004.000000|4.000000
100|"ADDGRC20"| 0014.000000| 0000.000000| 0000.000000|0.000000
100|"ADIX4008P072"| 0001.000000| 0015.000000| 0006.000000|1.000000
100|"ADIX4008P072P"| 0001.000000| 0000.000000| 0000.000000|0.000000
100|"ADIX4008P096"| 0001.000000| 0005.000000| 0000.000000|0.000000
109|"ADLOVFID49N"| 0004.000000| 0000.000000| 0032.000000|4.000000
100|"ADLOVSIH49N"| 0001.000000| 0000.000000| 0000.000000|0.000000
100|"ADMC1361"| 0117.000000| 0035.000000| 0000.000000|0.000000
100|"ADMC1362"| 0191.000000| 0120.000000| 0012.000000|12.000000
100|"ADMC1363"| 0013.000000| 0013.000000| 0000.000000|0.000000
100|"ADMC1365"| 0001.000000| 0000.000000| 0000.000000|0.000000
100|"ADMC1366"| 1409.000000| 0460.000000| 0193.000000|13.000000
100|"ADMEMOCAM"| 0028.000000| 0000.000000| 0000.000000|0.000000
100|"ADMM9CR"| 0023.000000| 0000.000000| 0000.000000|0.000000
100|"ADMN2032N"| 0029.000000| 0000.000000| 0002.000000|2.000000
100|"ADMN3019N"| 0001.000000| 0000.000000| 0000.000000|0.000000
100|"ADMNC1LCD15"| 0364.000000| 0030.000000| 0079.000000|44.000000
100|"ADMNC1LCD17"| 0085.000000| 0012.000000| 0019.000000|16.000000
100|"ADMNCA1LCD17"| 0007.000000| 0000.000000| 0001.000000|1.000000
100|"ADMNLCD20"| 0008.000000| 0072.000000| 0041.000000|8.000000
100|"ADMNLCD20RK"| 0054.000000| 0000.000000| 0001.000000|1.000000
100|"ADMNLCD20W"| 0011.000000| 0046.000000| 0000.000000|0.000000
100|"ADMNLCDRKMNT"| 0015.000000| 0010.000000| 0000.000000|0.000000
100|"ADMNM1LCD15"| 0063.000000| 0045.000000| 0026.000000|23.000000
100|"ADMNM1LCD17"| 0192.000000| 0000.000000| 0016.000000|12.000000
100|"ADMNMT32"| 0005.000000| 0000.000000| 0000.000000|0.000000
100|"ADMNMTLCDP"| 0042.000000| 0060.000000| 0011.000000|4.000000
100|"ADMNMTLCDW"| 0105.000000| 0000.000000| 0010.000000|10.000000
100|"ADMNMTLCDWA"| 0169.000000| 0000.000000| 0008.000000|8.000000
109|"ADMPLT16C2"| 0013.000000| 0000.000000| 0000.000000|0.000000
109|"ADMPLT16C3"| 0013.000000| 0000.000000| 0000.000000|0.000000
109|"ADMPLT32"| 0002.000000| 0000.000000| 0000.000000|0.000000
109|"ADMPLT32C2"| 0020.000000| 0000.000000| 0000.000000|0.000000
109|"ADMPLT32C3"| 0021.000000| 0000.000000| 0000.000000|0.000000
100|"ADQUAD41N"| 0036.000000| 0000.000000| 0000.000000|0.000000
100|"ADQUAD47-1"| 0010.000000| 0005.000000| 0000.000000|0.000000
100|"ADQUAD77"| 0260.000000| 0207.000000| 0035.000000|21.000000
100|"ADQUAD87"| 0434.000000| 0317.000000| 0014.000000|11.000000
100|"ADR8010RK"| 0031.000000| 0000.000000| 0000.000000|0.000000
100|"ADSPOT"| 0034.000000| 0040.000000| 0037.000000|34.000000
100|"ADT2813/90"| 0047.000000| 0000.000000| 0000.000000|0.000000
100|"ADTRET-CC4APKG"| 0004.000000| 0000.000000| 0000.000000|0.000000
100|"ADULP"| 0018.000000| 0000.000000| 0000.000000|0.000000
100|"ADULP-30"| 0034.000000| 0019.000000|-0006.000000|0.000000
100|"ADULP-96"| 0009.000000| 0030.000000| 0001.000000|0.000000
100|"ADV096HD"| 0130.000000| 1664.000000| 0233.000000|130.000000
100|"ADV1477V"| 0029.000000| 0000.000000| 0000.000000|0.000000
100|"ADV1477VX"| 0008.000000| 0000.000000| 0000.000000|0.000000
100|"ADV1477X"| 0023.000000| 0000.000000| 0000.000000|0.000000
100|"ADV1577VX"| 0006.000000| 0000.000000| 0001.000000|1.000000
100|"ADV1577X"| 0010.000000| 0000.000000| 0000.000000|0.000000
100|"ADXS1001016"| 0002.000000| 0000.000000| 0000.000000|0.000000
100|"ADXS3001001"| 0006.000000| 0015.000000| 0000.000000|0.000000
100|"ADXS3001002"| 0039.000000| 0005.000000| 0000.000000|0.000000
100|"ALT-6062-5"| 0008.000000| 0000.000000| 0000.000000|0.000000
100|"AR-DOC"| 0243.000000| 0000.000000| 0000.000000|0.000000
100|"ARK-501"| 0010.000000| 0000.000000| 0001.000000|1.000000
100|"ARK-501BLK"| 0008.000000| 0000.000000| 0000.000000|0.000000
100|"AS0015-00"| 0001.000000| 0000.000000| 0000.000000|0.000000
100|"AS0016-00"| 0006.000000| 0000.000000| 0000.000000|0.000000
100|"AS002"| 0001.000000| 0000.000000| 0001.000000|0.000000
100|"AS0020-00"| 0001.000000| 0000.000000| 0001.000000|0.000000
100|"AS0054-00"| 0032.000000| 0000.000000| 0003.000000|3.000000
100|"AS0054-01"| 0004.000000| 0000.000000| 0000.000000|0.000000
100|"AS0063-01"| 0112.000000| 0000.000000| 0018.000000|15.000000
100|"AS0063-05"| 0188.000000| 0200.000000| 0017.000000|11.000000
100|"AS0063-CAB"| 0216.000000| 0000.000000| 0000.000000|0.000000
100|"AS0063CAB"| 0001.000000| 0000.000000| 0000.000000|0.000000
100|"AS0073-000"| 0003.000000| 0030.000000| 0030.000000|3.000000
100|"AS0074-000"| 0011.000000| 0000.000000| 0000.000000|0.000000
100|"AS0100-004NPS"| 0006.000000| 0000.000000| 0000.000000|0.000000
100|"AS0101-600"| 0004.000000| 0030.000000| 0000.000000|0.000000
100|"ASC-121T"| 2650.000000| 0000.000000| 0300.000000|300.000000
100|"ASK-116T"| 0064.000000| 0000.000000| 0000.000000|0.000000
100|"ASR-620"| 0001.000000| 0000.000000| 0000.000000|0.000000
100|"AT-132-AT"| 0001.000000| 0000.000000| 0000.000000|0.000000
100|"AT-132-AT-PS"| 0001.000000| 0000.000000| 0000.000000|0.000000
100|"AT-132-NR-S-PS"| 0004.000000| 0000.000000| 0000.000000|0.000000
100|"AT132-A-PO"| 0001.000000| 0000.000000| 0000.000000|0.000000
100|"AT132-NR-S"| 0001.000000| 0000.000000| 0000.000000|0.000000
100|"AT132A"| 0001.000000| 0000.000000| 0000.000000|0.000000
100|"AT132AM"| 0014.000000| 0000.000000| 0000.000000|0.000000
100|"AT132LED"| 0001.000000| 0000.000000| 0000.000000|0.000000
100|"AT132V"| 0003.000000| 0012.000000| 0000.000000|0.000000
100|"AVT-159"| 0022.000000| 0000.000000| 0000.000000|0.000000
100|"AW5082"| 0002.000000| 0000.000000| 0000.000000|0.000000
100|"AXCD16"| 0015.000000| 0000.000000| 0000.000000|0.000000
100|"AXCD4"| 0037.000000| 0000.000000| 0000.000000|0.000000
100|"AXCD9"| 0007.000000| 0000.000000| 0000.000000|0.000000
100|"AXCD9X"| 0012.000000| 0000.000000| 0000.000000|0.000000
100|"AXMD16"| 0007.000000| 0000.000000| 0000.000000|0.000000
100|"AXMD16X"| 0020.000000| 0000.000000| 0000.000000|0.000000
100|"AXRC"| 0014.000000| 0000.000000| 0000.000000|0.000000
100|"BC-301"| 0035.000000| 0125.000000| 0001.000000|1.000000
100|"BC-MPL"| 0115.000000| 0000.000000| 0000.000000|0.000000
100|"BK-1ADT"| 0006.000000| 0000.000000| 0001.000000|1.000000
100|"C2104-13"| 0006.000000| 0000.000000| 0000.000000|0.000000
100|"C2116-14"| 0125.000000| 0000.000000| 0020.000000|20.000000
100|"C2122-14"| 0019.000000| 0005.000000| 0000.000000|0.000000
100|"C2580-24"| 0009.000000| 0000.000000| 0000.000000|0.000000
100|"C2616-27"| 0005.000000| 0000.000000| 0000.000000|0.000000
100|"C2626-27"| 0001.000000| 0000.000000| 0000.000000|0.000000
100|"C2927-37"| 0498.000000| 0000.000000| 0000.000000|0.000000
100|"C3140-49"| 0022.000000| 0000.000000| 0000.000000|0.000000
100|"C3141-49"| 0013.000000| 0000.000000| 0000.000000|0.000000
100|"C3142-49"| 0005.000000| 0000.000000| 0000.000000|0.000000
100|"C3143-49"| 0004.000000| 0000.000000| 0000.000000|0.000000
100|"C3144-99"| 0009.000000| 0020.000000| 0001.000000|1.000000
100|"C3146-99"| 0009.000000| 0000.000000| 0000.000000|0.000000
100|"C3147-99"| 0087.000000| 0000.000000| 0000.000000|0.000000
100|"C3200-24"| 0009.000000| 0000.000000| 0000.000000|0.000000
100|"C3311-05"| 0004.000000| 0000.000000| 0002.000000|2.000000
100|"C3312-05"| 0002.000000| 0000.000000| 0000.000000|0.000000
100|"C3626-31"| 0012.000000| 0000.000000| 0000.000000|0.000000
100|"C3700H-2V2AW"| 0001.000000| 0000.000000| 0000.000000|0.000000
100|"C3752-99"| 0034.000000| 0000.000000| 0006.000000|8.000000
100|"C3829-14"| 0007.000000| 0000.000000| 0001.000000|1.000000
100|"C3855-99"| 0019.000000| 0000.000000| 0000.000000|0.000000
100|"C3887-10"| 0005.000000| 0000.000000| 0001.000000|1.000000
100|"CAB-100EXT"| 0085.000000| 0000.000000| 0000.000000|0.000000
100|"CBC-4030-1D"| 0073.000000| 0002.000000| 0000.000000|0.000000
100|"CBC-4030-2D"| 0010.000000| 0000.000000| 0000.000000|0.000000
100|"CBLK-10"| 0149.000000| 0716.000000| 0075.000000|0.000000
100|"CBLK-11"| 0008.000000| 0029.000000| 0000.000000|0.000000
100|"CBLK-12"| 0003.000000| 0005.000000| 0000.000000|0.000000
100|"CC3751H-2"| 0007.000000| 0000.000000| 0000.000000|0.000000
100|"CC800-202"| 0002.000000| 0000.000000| 0000.000000|0.000000
100|"CC800-21"| 0027.000000| 0000.000000| 0000.000000|0.000000
100|"CC800-311"| 0011.000000| 0000.000000| 0000.000000|0.000000
100|"CC800-518"| 0010.000000| 0000.000000| 0000.000000|0.000000
100|"CC800-738"| 0011.000000| 0004.000000| 0000.000000|0.000000
100|"CC800-740"| 0007.000000| 0001.000000| 0000.000000|0.000000
100|"CC800-781"| 0007.000000| 0000.000000| 0000.000000|0.000000
100|"CC800-782"| 0006.000000| 0000.000000| 0000.000000|0.000000
100|"CC800-784"| 0001.000000| 0000.000000| 0000.000000|0.000000
100|"CC800-80"| 0017.000000| 0000.000000| 0000.000000|0.000000
100|"CC800-800"| 2233.000000| 0000.000000| 0000.000000|0.000000
100|"CC800-81518"| 0001.000000| 0000.000000| 0000.000000|0.000000
100|"CC800-82"| 0008.000000| 0000.000000| 0000.000000|0.000000
100|"CC800-830"| 0012.000000| 0000.000000| 0000.000000|0.000000
100|"CC800-84"| 0010.000000| 0000.000000| 0000.000000|0.000000
100|"CC800-850"| 0001.000000| 0000.000000| 0000.000000|0.000000
100|"CC800-85451"| 0001.000000| 0000.000000| 0000.000000|0.000000
100|"CC800-860"| 0001.000000| 0000.000000| 0000.000000|0.000000
100|"CC800-86031"| 0002.000000| 0000.000000| 0000.000000|0.000000
100|"CC800-87"| 4450.000000| 0300.000000| 0000.000000|0.000000
100|"CC800-9010DIGI"| 0005.000000| 0006.000000| 0000.000000|0.000000
100|"CC800-906"| 0001.000000| 0000.000000| 0000.000000|0.000000
100|"CC800-AGS-SA"| 0001.000000| 0000.000000| 0000.000000|0.000000
100|"CC800-VA2"| 0015.000000| 0000.000000| 0001.000000|0.000000
100|"CC800/1S-NV"| 0003.000000| 0000.000000| 0003.000000|3.000000
100|"CC800/CC"| 0009.000000| 0000.000000| 0000.000000|0.000000
100|"CC800/CS"| 0011.000000| 0001.000000| 0001.000000|0.000000
100|"CC800/EFS"| 0001.000000| 0000.000000| 0000.000000|0.000000
100|"CC800/FLO"| 0009.000000| 0000.000000| 0001.000000|0.000000
100|"CC800/TWN"| 0009.000000| 0001.000000| 0004.000000|0.000000
100|"CC800/VCB-3DPLUS"| 0011.000000| 0004.000000| 0001.000000|0.000000
100|"CC8RAID5-UP"| 0001.000000| 0000.000000| 0000.000000|0.000000
100|"CM400"| 0002.000000| 0000.000000| 0000.000000|0.000000
100|"CPAKI3302-12"| 0007.000000| 0000.000000| 0000.000000|0.000000
100|"CPAKI3303-8"| 0018.000000| 0004.000000| 0005.000000|5.000000
100|"CPAKI3803-8"| 0006.000000| 0000.000000| 0001.000000|1.000000
100|"CPAKI4702-12"| 0014.000000| 0004.000000| 0004.000000|4.000000
100|"CPAKI4703-8"| 0004.000000| 0100.000000| 0058.000000|4.000000
100|"CPAKIC3802-12"| 0001.000000| 0000.000000| 0000.000000|0.000000
100|"CPAKIP3303-8"| 0004.000000| 0002.000000| 0000.000000|0.000000
100|"CPAKIP4703-8"| 0002.000000| 0003.000000| 0000.000000|0.000000
100|"CPAKIW3302-12"| 0005.000000| 0000.000000| 0000.000000|0.000000
100|"CPAKIW3303-8"| 0160.000000| 0220.000000| 0194.000000|79.000000
100|"CPAKIW3305-50"| 0053.000000| 0015.000000| 0001.000000|1.000000
100|"CPAKIW3803-8"| 0048.000000| 0000.000000| 0025.000000|21.000000
100|"CPAKIW4705-50"| 0001.000000| 0026.000000| 0016.000000|1.000000
100|"CPAKIW5802-12"| 0002.000000| 0000.000000| 0000.000000|0.000000
100|"CPAKIW5803-8"| 0011.000000| 0000.000000| 0000.000000|0.000000
100|"CPAKO3303-8"| 0079.000000| 0000.000000| 0040.000000|40.000000
100|"CPAKO3305-50"| 0005.000000| 0050.000000| 0013.000000|5.000000
100|"CPAKO3803-8"| 0028.000000| 0010.000000| 0000.000000|0.000000
100|"CPAKO3805-50"| 0005.000000| 0000.000000| 0000.000000|0.000000
100|"CPAKO4702-12"| 0002.000000| 0025.000000| 0020.000000|2.000000
100|"CPAKO5803-8"| 0012.000000| 0000.000000| 0000.000000|0.000000
100|"CPAKO5805-50"| 0012.000000| 0030.000000| 0000.000000|0.000000
100|"CPAKOP3303-8"| 0001.000000| 0004.000000| 0000.000000|0.000000
100|"CPAKOP3305-50"| 0004.000000| 0004.000000| 0000.000000|0.000000
100|"CPAKOP5805-50"| 0003.000000| 0000.000000| 0000.000000|0.000000
100|"CRSTREP-S9"| 0001.000000| 0000.000000| 0000.000000|0.000000
100|"CW-ANT-PA"| 0005.000000| 0009.000000| 0008.000000|5.000000
100|"CW-RID-1"| 0008.000000| 0002.000000| 0002.000000|2.000000
100|"D40025D-012"| 0081.000000| 0002.000000| 0002.000000|2.000000
100|"D40025D-024"| 0079.000000| 0003.000000| 0001.000000|1.000000
100|"D40025P-012"| 0042.000000| 0000.000000| 0000.000000|0.000000
100|"D40025P-024"| 0023.000000| 0019.000000| 0000.000000|0.000000
100|"D60025D-024"| 0006.000000| 0028.000000| 0020.000000|6.000000
100|"D60025D-036"| 0029.000000| 0019.000000| 0025.000000|11.000000
100|"D60025P-012"| 0002.000000| 0013.000000| 0000.000000|0.000000
100|"D60025S-012"| 0007.000000| 0054.000000| 0000.000000|0.000000
100|"D60025S-024"| 0018.000000| 0005.000000| 0006.000000|4.000000
100|"D60031D-012"| 0001.000000| 0028.000000| 0003.000000|1.000000
100|"D60031D-016R"| 0008.000000| 0017.000000| 0013.000000|8.000000
100|"D60031D-032"| 0104.000000| 0293.000000| 0084.000000|75.000000
100|"D60031D-032-1"| 0001.000000| 0008.000000|-0001.000000|0.000000
100|"D60031D-032R"| 0006.000000| 0073.000000| 0032.000000|6.000000
100|"D60031D-048"| 0007.000000| 0651.000000| 0382.000000|7.000000
100|"D60031D-048-1"| 0001.000000| 0000.000000| 0000.000000|0.000000
100|"D60031D-048R"| 0018.000000| 0139.000000| 0127.000000|14.000000
100|"D60031P-012-1"| 0006.000000| 0021.000000| 0005.000000|5.000000
100|"D60031P-016R"| 0002.000000| 0016.000000| 0000.000000|0.000000
100|"D60031P-016R-1"| 0001.000000| 0000.000000| 0000.000000|0.000000
100|"D60031P-032"| 0006.000000| 0040.000000| 0004.000000|5.000000
100|"D60031P-048"| 0001.000000| 0064.000000| 0019.000000|1.000000
100|"D60031P-048-1"| 0001.000000| 0001.000000| 0000.000000|0.000000
100|"D60031S-016"| 0001.000000| 0008.000000| 0001.000000|1.000000
100|"D60031S-032"| 0003.000000| 0017.000000| 0007.000000|2.000000
100|"D60031S-048-1"| 0057.000000| 0002.000000| 0000.000000|0.000000
100|"D80025D-012"| 0015.000000| 0003.000000| 0002.000000|2.000000
100|"D80025D-024"| 0002.000000| 0005.000000| 0005.000000|2.000000
100|"D80031D-012"| 0013.000000| 0093.000000| 0010.000000|12.000000
100|"D80031D-012-1"| 0004.000000| 0049.000000| 0000.000000|0.000000
100|"D80031D-016"| 0003.000000| 0024.000000| 0019.000000|3.000000
100|"D80031D-016-1"| 0002.000000| 0001.000000| 0003.000000|2.000000
100|"D80031D-032"| 0016.000000| 0019.000000| 0005.000000|5.000000
100|"D80031D-048"| 0001.000000| 0012.000000| 0003.000000|1.000000
100|"D80031P-012"| 0001.000000| 0023.000000| 0002.000000|1.000000
100|"D80031P-048"| 0001.000000| 0003.000000| 0002.000000|1.000000
100|"D80031S-012"| 0002.000000| 0027.000000| 0005.000000|2.000000
100|"DF5CA-0V3A"| 0002.000000| 0000.000000| 0000.000000|0.000000
100|"DF5LINERKIT"| 0007.000000| 0000.000000| 0000.000000|0.000000
100|"DMO-414F"| 0004.000000| 0000.000000| 0000.000000|0.000000
100|"DMV14Q"| 0006.000000| 0001.000000| 0000.000000|0.000000
100|"DMV14Q-1"| 0001.000000| 0000.000000| 0000.000000|0.000000
100|"DMV16Q"| 0001.000000| 0001.000000| 0000.000000|0.000000
100|"DMV16Q-1"| 0002.000000| 0000.000000| 0000.000000|0.000000
100|"DMV19Q-1"| 0002.000000| 0000.000000| 0000.000000|0.000000
100|"DMV94Q-1"| 0002.000000| 0000.000000| 0001.000000|1.000000
100|"DMV96Q"| 0007.000000| 0020.000000| 0000.000000|0.000000
100|"DMV96Q-1"| 0001.000000| 0002.000000| 0001.000000|1.000000
100|"DMV99Q-1"| 0002.000000| 0000.000000| 0000.000000|0.000000
100|"DN1478"| 0069.000000| 0000.000000| 0000.000000|0.000000
100|"DN1518"| 0073.000000| 0000.000000| 0015.000000|14.000000
100|"DN1527"| 0108.000000| 0000.000000| 0008.000000|7.000000
100|"DN1528"| 0087.000000| 0000.000000| 0003.000000|3.000000
100|"DS-4114-05"| 0028.000000| 0004.000000| 0000.000000|0.000000
100|"DS-411408"| 0005.000000| 0000.000000| 0000.000000|0.000000
100|"DS-4114F-05"| 0010.000000| 0000.000000| 0000.000000|0.000000
100|"DS-4114F-08"| 0007.000000| 0000.000000| 0003.000000|3.000000
100|"DSC-P2W26K"| 0016.000000| 0045.000000| 0040.000000|16.000000
100|"DU-MODEM-HOS"| 0001.000000| 0002.000000| 0000.000000|0.000000
100|"DVRM-01"| 0745.000000| 0000.000000| 0043.000000|36.000000
100|"E-COR-BADGE"| 0175.000000| 0000.000000| 0001.000000|0.000000
100|"E-COR-COM"| 0017.000000| 0000.000000| 0000.000000|0.000000
100|"E-COR-DEMO"| 0187.000000| 0000.000000| 0000.000000|0.000000
100|"E-COR-ELV"| 0201.000000| 0000.000000| 0002.000000|1.000000
100|"E-COR-EN"| 0026.000000| 0000.000000| 0016.000000|14.000000
100|"E-COR-FR"| 0004.000000| 0000.000000| 0002.000000|2.000000
100|"E-COR-MAN-EN"| 0015.000000| 0000.000000| 0000.000000|0.000000
100|"E-COR-MAN-SP"| 0008.000000| 0000.000000| 0000.000000|0.000000
100|"E-COR-RDN"| 0009.000000| 0000.000000| 0000.000000|0.000000
100|"E-COR-REV"| 0002.000000| 0010.000000| 0000.000000|0.000000
100|"E-COR-SLK"| 0242.000000| 0000.000000| 0001.000000|0.000000
100|"E-COR-SLKMEN"| 0016.000000| 0000.000000| 0000.000000|0.000000
100|"E-COR-SP"| 0001.000000| 0000.000000| 0000.000000|0.000000
100|"E-COR-WS6"| 0002.000000| 0002.000000| 0000.000000|0.000000
100|"E-GLO-COM-V3"| 0003.000000| 0000.000000| 0000.000000|0.000000
100|"E-GLO-CORCOM-V3"| 0002.000000| 0005.000000| 0000.000000|0.000000
100|"E-GLO-MAN-EN-V3"| 0002.000000| 0000.000000| 0000.000000|0.000000
100|"E-GLO-REV"| 0026.000000| 0000.000000| 0000.000000|0.000000
100|"E-GLO-SQL"| 0008.000000| 0000.000000| 0000.000000|0.000000
100|"E-GLO-SQL-V3"| 0001.000000| 0004.000000| 0000.000000|0.000000
100|"E-GLO-UPG-EN-V3"| 0002.000000| 0000.000000| 0000.000000|0.000000
100|"E-GLO-WS1-V3"| 0004.000000| 0000.000000| 0000.000000|0.000000
100|"E-GLO-WS8-V3"| 0005.000000| 0002.000000| 0000.000000|0.000000
100|"E-SPE-EN"| 0001.000000| 0075.000000| 0041.000000|1.000000
100|"E-SPE-FR"| 0006.000000| 0000.000000| 0004.000000|4.000000
100|"E-SPE-MAN-EN"| 0014.000000| 0000.000000| 0000.000000|0.000000
100|"E-SPE-MAN-FR"| 0001.000000| 0000.000000| 0000.000000|0.000000
100|"E-SPE-MAN-SP"| 0008.000000| 0000.000000| 0000.000000|0.000000
100|"E-SPE-REV"| 0013.000000| 0000.000000| 0000.000000|0.000000
100|"E-SPE-SP"| 0001.000000| 0000.000000| 0001.000000|1.000000
100|"EC75"| 0177.000000| 0000.000000| 0036.000000|30.000000
100|"EC90-XR"| 0001.000000| 0000.000000| 0000.000000|0.000000
100|"EE-DOCS"| 6772.000000| 0000.000000| 0038.000000|35.000000
100|"EGLOWS1-ENCD"| 0026.000000| 0000.000000| 0000.000000|0.000000
100|"EH2512-1"| 0004.000000| 0000.000000| 0000.000000|0.000000
100|"EM1450"| 0004.000000| 0000.000000| 0000.000000|0.000000
100|"ENTRA-GLO-CD"| 1990.000000| 0000.000000| 0000.000000|0.000000
100|"ENTRA-LS"| 0006.000000| 0000.000000| 0000.000000|0.000000
100|"ENTRA-LS-DIS"| 0008.000000| 0000.000000| 0000.000000|0.000000
100|"ENTRA-LS-UPG"| 0025.000000| 0000.000000| 0000.000000|0.000000
100|"ENTRA-LS/UPG"| 0002.000000| 0000.000000| 0000.000000|0.000000
100|"ENTRA-RS-DEM"| 0119.000000| 0000.000000| 0000.000000|0.000000
100|"ENTRA-RS-DIS"| 0016.000000| 0000.000000| 0000.000000|0.000000
100|"ENTRA-RS-UPG"| 0001.000000| 0000.000000| 0000.000000|0.000000
100|"ENTRA-RS/UPG"| 0018.000000| 0000.000000| 0000.000000|0.000000
100|"EOL-485"| 0870.000000| 0000.000000| 0000.000000|0.000000
100|"EP-120-4E"| 0003.000000| 0000.000000| 0000.000000|0.000000
100|"EP-2202"| 0014.000000| 0000.000000| 0000.000000|0.000000
100|"EP-8002"| 0190.000000| 0250.000000| 0023.000000|13.000000
100|"EP-ENTRA"| 0005.000000| 0016.000000| 0000.000000|0.000000
100|"EP-ENTRA2"| 0047.000000| 0840.000000| 0101.000000|47.000000
100|"EP-IOPASS"| 0120.000000| 0000.000000| 0000.000000|0.000000
100|"EP-WP"| 0045.000000| 0100.000000| 0000.000000|0.000000
100|"EP190-1"| 0052.000000| 0000.000000| 0000.000000|0.000000
100|"EP190-2"| 0155.000000| 0000.000000| 0000.000000|0.000000
100|"EP191-3"| 0033.000000| 0000.000000| 0000.000000|0.000000
100|"EPMPDK"| 0001.000000| 0000.000000| 0000.000000|0.000000
100|"ES-KTP/103SN"| 0002.000000| 0036.000000| 0000.000000|0.000000
100|"ESM480"| 0001.000000| 0063.000000| 0026.000000|1.000000
100|"FA-81518"| 0068.000000| 0000.000000| 0000.000000|0.000000
100|"FA-81593"| 0069.000000| 0000.000000| 0000.000000|0.000000
100|"FA-81733"| 0056.000000| 0000.000000| 0000.000000|0.000000
100|"FA-81740"| 0073.000000| 0000.000000| 0000.000000|0.000000
100|"FA-81783"| 0069.000000| 0000.000000| 0000.000000|0.000000
100|"FA-86031"| 0070.000000| 0000.000000| 0000.000000|0.000000
100|"FA-86032"| 0071.000000| 0000.000000| 0000.000000|0.000000
100|"FP3231A"| 0006.000000| 0000.000000| 0000.000000|0.000000
100|"FP3236A"| 0001.000000| 0000.000000| 0000.000000|0.000000
100|"FP3237A"| 0001.000000| 0000.000000| 0000.000000|0.000000
100|"FP3516A"| 0005.000000| 0000.000000| 0000.000000|0.000000
100|"FP3517A"| 0007.000000| 0000.000000| 0000.000000|0.000000
100|"FP3521A"| 0001.000000| 0005.000000| 0000.000000|0.000000
100|"FP3526A"| 0010.000000| 0000.000000| 0000.000000|0.000000
100|"FP3527A"| 0038.000000| 0000.000000| 0000.000000|0.000000
100|"FP4551A"| 0001.000000| 0000.000000| 0000.000000|0.000000
100|"FPZ-3511A"| 0001.000000| 0000.000000| 0000.000000|0.000000
100|"FUSE3A2AG"| 0030.000000| 0000.000000| 0000.000000|0.000000
100|"FW-APC"| 0774.000000| 0000.000000| 0000.000000|0.000000
100|"FW-APC8X"| 0044.000000| 0000.000000| 0000.000000|0.000000
100|"FW-APCL"| 0045.000000| 0000.000000| 0010.000000|10.000000
100|"GBC-MM-950-4"| 0011.000000| 0000.000000| 0000.000000|0.000000
100|"HID-413"| 0010.000000| 0000.000000| 0000.000000|0.000000
100|"HID-445-PRN"| 0015.000000| 0000.000000| 0000.000000|0.000000
100|"HID-445-RFL"| 0002.000000| 0000.000000| 0000.000000|0.000000
100|"HID-C1324A"| 0186.000000| 0100.000000| 0000.000000|0.000000
100|"HID-C1326"| 0008.000000| 2100.000000| 0000.000000|0.000000
100|"HID-C1326KSF"| 2972.000000| 5000.000000| 3825.000000|2972.00000
100|"HID-C1336"| 0241.000000| 0000.000000| 0000.000000|0.000000
100|"HID-C1336/GG"| 8164.000000| 0000.000000| 0000.000000|0.000000
100|"HID-C1336K/G"| 6294.000000| 0000.000000| 0000.000000|0.000000
100|"HID-C1336KSF"| 0148.000000| 0000.000000| 0000.000000|0.000000
100|"HID-C1346"| 2511.000000| 0075.000000| 0000.000000|0.000000
100|"HID-C1346KSF"| 0864.000000| 0000.000000| 0000.000000|0.000000
100|"HID-C1351"| 0030.000000| 0800.000000| 0810.000000|30.000000
100|"HID-C1366KSF"| 0199.000000| 0000.000000| 0000.000000|0.000000
100|"HID-C1386"| 1100.000000| 0000.000000| 0000.000000|0.000000
100|"HID-C1386/GG"| 2462.000000| 0000.000000| 0000.000000|0.000000
100|"HID-C1386K/G"| 3650.000000| 0000.000000| 0000.000000|0.000000
100|"HID-C1386KSF"| 4141.000000| 0000.000000| 0300.000000|300.000000
100|"HID-MP5365"| 0069.000000| 0000.000000| 0000.000000|0.000000
100|"HID-PP6005B"| 0067.000000| 0000.000000| 0002.000000|2.000000
100|"HID-PR5355"| 0030.000000| 0000.000000| 0001.000000|1.000000
100|"HID-TL5395BE"| 0003.000000| 0000.000000| 0000.000000|0.000000
100|"HID-TL5395BL"| 0072.000000| 0000.000000| 0000.000000|0.000000
100|"HID-TL5395WH"| 0028.000000| 0000.000000| 0000.000000|0.000000
100|"HK-2"| 0001.000000| 0000.000000| 0000.000000|0.000000
100|"HS-9168U"| 0027.000000| 0003.000000| 0000.000000|0.000000
100|"HS-9960U"| 0037.000000| 0000.000000| 0000.000000|0.000000
100|"HS-CM217"| 1879.000000| 0425.000000| 0141.000000|124.000000
100|"ICS-090BHNU"| 0023.000000| 0000.000000| 0000.000000|0.000000
100|"ICS090-CA8"| 0015.000000| 0000.000000| 0000.000000|0.000000
100|"ICS090-CR3"| 0002.000000| 0000.000000|-0003.000000|0.000000
100|"ICS090-CRV4A"| 0005.000000| 0000.000000| 0000.000000|0.000000
100|"ICS100-PG"| 0001.000000| 0000.000000|-0002.000000|0.000000
100|"ID-CAMERA"| 0035.000000| 0000.000000| 0000.000000|0.000000
100|"ID-TRIPOD"| 0037.000000| 0000.000000| 0000.000000|0.000000
100|"ID-VIDEO"| 0038.000000| 0000.000000| 0000.000000|0.000000
100|"ID200-G"| 0070.000000| 0000.000000| 0000.000000|0.000000
100|"ID200G-R"| 8366.000000| 0000.000000| 0000.000000|0.000000
100|"IDANTM1000-1356T"| 0033.000000| 0000.000000| 0000.000000|0.000000
100|"IDANTM2000-915C"| 0411.000000| 0000.000000| 0000.000000|0.000000
100|"IDANTM2000-915L"| 0578.000000| 0000.000000| 0000.000000|0.000000
100|"IDCS-5"| 0006.000000| 0000.000000| 0000.000000|0.000000
100|"IDEPC1R313"| 0002.000000| 0040.000000| 0000.000000|0.000000
100|"IDRDSRM1000"| 0056.000000| 0061.000000| 0000.000000|0.000000
100|"IDRDTM1000"| 0012.000000| 0000.000000| 0000.000000|0.000000
100|"IEB105"| 0009.000000| 0000.000000| 0000.000000|0.000000
100|"IET019"| 0002.000000| 0000.000000| 0000.000000|0.000000
100|"IHW001"| 0204.000000| 0000.000000| 0000.000000|0.000000
100|"IMA030"| 0008.000000| 0000.000000| 0000.000000|0.000000
100|"IML005"| 0018.000000| 0000.000000| 0000.000000|0.000000
100|"IML010"| 0003.000000| 0000.000000| 0000.000000|0.000000
100|"INA020"| 0036.000000| 0000.000000| 0000.000000|0.000000
100|"INK018"| 0012.000000| 0000.000000| 0000.000000|0.000000
100|"INTVKVM2"| 0005.000000| 0000.000000| 0001.000000|1.000000
100|"ISO-30/GG"| 1550.000000| 0000.000000|-0100.000000|0.000000
100|"IVUPS150"| 0001.000000| 0000.000000| 0000.000000|0.000000
100|"IWM-GY"| 0004.000000| 0000.000000| 0000.000000|0.000000
100|"JA-505-SDL"| 0438.000000| 0000.000000| 0000.000000|0.000000
100|"JA-506-T1"| 1278.000000| 0000.000000| 0000.000000|0.000000
100|"JA-NC-36"| 0792.000000| 0000.000000| 0000.000000|0.000000
100|"JLSTGNP"| 0200.000000| 0000.000000| 0000.000000|0.000000
100|"KBD300A"| 0001.000000| 0000.000000| 0000.000000|0.000000
100|"KLEXP-08"| 0018.000000| 0000.000000| 0000.000000|0.000000
100|"KP-2500"| 0009.000000| 0007.000000| 0002.000000|2.000000
100|"KT-100"| 0023.000000| 0189.000000| 0069.000000|23.000000
100|"KT-200"| 0273.000000| 0093.000000| 0021.000000|8.000000
100|"KT-200-CAMLO"| 0005.000000| 0005.000000| 0000.000000|0.000000
100|"KT-200BO"| 0010.000000| 0010.000000| 0000.000000|0.000000
100|"KT-200CSA"| 0028.000000| 0058.000000| 0000.000000|0.000000
100|"KT-200F-ACC"| 0005.000000| 0001.000000| 0000.000000|0.000000
100|"KT-200G-ACC"| 0075.000000| 0000.000000| 0000.000000|0.000000
100|"KT-200NB"| 0048.000000| 0002.000000| 0001.000000|1.000000
100|"KT-200PCB"| 0003.000000| 0010.000000| 0000.000000|0.000000
100|"KT-300-ACC"| 0107.000000| 0000.000000| 0000.000000|0.000000
100|"KT-300/128K"| 0242.000000| 0975.000000| 0043.000000|40.000000
100|"KT-300/512K"| 0006.000000| 0002.000000| 0000.000000|0.000000
100|"KT-300CAB"| 0020.000000| 0000.000000| 0000.000000|0.000000
100|"KT-300FIR"| 0005.000000| 0015.000000| 0000.000000|0.000000
100|"KT-300FLASH"| 0111.000000| 0035.000000| 0000.000000|0.000000
100|"KT-300LOCK"| 0664.000000| 0000.000000| 0000.000000|0.000000
100|"KT-300PCB128"| 0063.000000| 0036.000000| 0000.000000|0.000000
100|"KT-300PCB512"| 0046.000000| 0000.000000| 0000.000000|0.000000
